1   293.3067  495.6110
2   534.5388  572.5732
3   668.2017  650.2673
4   130.6467  273.6333
5   627.1900  860.9881
6   821.0219  751.3575
7   126.3550  203.6050
8   936.0536  288.6235
9   570.0982  879.5848
10   868.7445   16.9076
11   525.6682  909.6910
12   280.9437  260.9239
13   318.1107  254.2589
14    30.8314  974.0659
15   546.2421  359.0124
16   947.5158  810.2325
17   678.9510  654.8565
18   988.4152  528.2285
19   847.8661  916.1489
20   702.3484  665.6607
21   658.0397  533.2863
22   160.7853  416.3392
23   324.4128  273.2762
24   636.0205  639.4853
25   104.0770  400.8172
26   906.7116  732.3336
27   449.9425  614.5560
28   894.3843  263.1784
29   524.7258  771.2935
30   244.8496  237.6144
31   468.4896  874.3403
32    13.8835   70.7769
33   578.5013  673.5138
34    70.0067  669.1116
35   924.9479  485.9669
36   547.8608  143.8289
37   823.2115   53.9275
38   931.1657  947.9424
39   192.9845  136.4750
40   213.6211  348.9024
41   444.9128  648.8793
42   417.5998  806.2321
43   656.0542  914.5935
44   862.3973  247.7882
45   578.7741  346.8739
46   324.6047  734.5652
47   495.6969  540.2286
48    72.2544  702.9107
49   318.5602  908.6409
50   225.6172   83.2497
51   100.6526  871.3462
52   732.0082  857.0056
53   123.7484  749.4794
54    84.6892  408.0372
55   506.8774  405.8884
56   571.6230  364.4990
57   582.2835  696.5845
58   188.1517  526.1040
59   515.1987  151.3934
60    98.3100  894.9210
61   214.2801  717.0173
62   816.8154  184.4742
63   859.5141  839.8613
64   895.5163  621.7722
65   461.0316  190.6788
66   445.5232  172.6040
67   532.7749  836.8234
68   841.9274   36.5071
69    44.5602  870.0169
70   489.3090  946.5019
71   774.6951  646.7844
72   183.8915  787.0766
73   581.3447  194.3528
74   230.4324  398.8301
75   873.9995    4.7459
76   547.2373   47.1766
77   813.9034  917.6121
78   386.8654  363.2433
79   579.2494  896.3708
80   305.8088  825.6626
81   939.6047  758.7388
82   990.9029   91.8148
83   621.2190   38.8594
84   267.8565  917.4787
85   879.6518  939.9267
86   313.8370  341.2616
87   285.9973  248.4768
88   137.3279  651.2359
89   397.6528  505.5279
90   386.9164  564.9287
91   602.0053  333.3986
92   176.9749  217.7929
93   811.5615  330.6194
94    99.2488  583.0060
95   868.6799  887.2796
96   779.4267  691.3148
97   814.9134  267.1004
98   842.3986  848.1620
99   149.7905  458.9206
100    71.1787  526.3911
101   805.9498  441.2477
102    14.5392  382.0748
103   309.4310  999.3307
104   430.9682  164.3549
105   415.7374  364.8293
106   341.4422  461.8710
107   996.9813  765.2161
108   365.2764  226.1550
109   767.8497  593.6036
110   804.5715  544.7661
111    65.3583  380.2881
112   436.2969   50.2959
113   617.3634  834.4773
114   129.9665   36.5871
115   899.6450  720.1855
116    73.5498  250.0467
117   501.5599  655.2256
118   123.4111  562.8015
119   889.7510  329.8649
120    13.8688  726.9410
121   126.4054  993.2638
122   228.9080   73.4302
123   370.9291  491.9408
124   829.4547  552.3098
125   208.1086  141.9357
126    64.4367  592.0621
127     8.9594  750.9276
128   480.8401  344.6863
129   637.7819  413.4771
130   467.5957  668.7930
131   919.9635   93.7931
132   896.7842  143.7426
133   770.0019   36.5564
134   182.1845  573.1696
135   225.9577  837.8189
136   542.6181  215.0672
137   451.8049  798.5562
138   604.7224  744.0306
139   823.1891  816.5749
140   772.3553  797.7636
141   236.8367  795.1613
142   591.2476  150.4650
143   396.5541   97.9587
144   511.1473   76.2148
145   468.7684  884.4658
146   102.8073  406.4873
147   256.2154  904.3499
148   323.9192  541.2908
149   275.5621  224.1574
150   826.7422  841.0079
151   160.0177  349.3065
152   668.8553  590.9103
153   612.0814  832.3746
154    19.0163   54.6934
155   414.4865  494.5956
156   365.4912  656.3604
157   172.5062  908.2117
158   283.1933  868.0000
159   966.7771  470.3127
160   700.5299  452.0188
161   857.3572  592.1509
162   552.0668   76.4778
163   199.9148  416.5284
164   123.9254   47.8205
165   856.1468  377.6778
166   326.9641  449.5101
167    63.9455   36.4049
168   704.6842  507.3707
169   154.4453  510.1835
170   121.0425  435.2167
171   894.3359  923.5433
172   892.0297  829.9182
173   712.3842  849.2116
174   868.8616  621.8109
175   431.2644   17.5064
176     9.5318  111.2456
177   308.2513  851.6971
178   983.3475  516.4460
179   370.0181  257.7050
180     3.8805  245.3740
181   278.2032  897.4971
182   117.2093  588.7717
183   286.9409  478.1202
184    27.7092  819.3853
185   865.5207  175.2667
186   384.8914  664.6184
187   797.8653  109.3989
188   732.1796  551.6957
189   538.5620  350.3667
190   167.5989  975.5818
191   133.2267  489.8256
192   670.0484  614.0405
193   347.7525  537.1195
194   866.4415   74.4280
195   421.5424  394.0382
196   760.2801  720.6332
197    32.1142  406.5812
198   605.8360  367.4088
199   434.1214  200.3458
200   950.3715  949.0287
201   537.6683   12.8950
202   842.8027  444.9856
203   958.5179  988.6674
204   644.8951  597.0898
205   683.1276  191.2536
206   232.7360  552.0108
207   103.2159  448.2034
208    38.2545   91.0516
209   160.6379  666.3800
210   440.7190  640.2851
211   519.4029  980.7269
212   711.5360  904.2576
213   348.7983  169.6649
214   779.8043  988.5684
215    21.0903  374.4908
216   659.0659   63.8980
217   761.2215  322.5686
218   395.2516  550.6960
219   752.3995   79.6409
220   328.2116  779.7132
221   369.0598  255.0735
222   562.4606  805.2610
223   735.3353  460.2839
224   183.4478  426.9235
225   882.7302  637.1545
226   138.1890  203.1472
227   371.2412  842.7111
228   423.6177  317.3222
229   366.6739  438.0039
230   290.5710  437.7735
231   160.0972  427.9581
232   453.5950  201.4314
233   416.7793  402.2472
234   832.2482  235.6610
235   103.8407  422.5144
236   390.6317  707.6189
237    31.8257   29.0774
238   618.0901  141.2591
239    51.5734  315.6661
240   223.2702   74.1843
241   426.8060  886.8549
242   679.0226  735.0034
243   201.5253  923.1918
244   442.8984  501.3018
245   955.9367  183.4860
246   731.3279  711.8959
247   598.8244  225.3460
248   512.0413  359.8688
249   723.3307   67.1214
250    61.9515  327.1966
251   751.4532  953.4821
252   926.7794  150.8033
253   951.3448  868.5715
254   900.7405  445.3517
255   842.2466  354.9179
256   689.2718  855.6919
257   817.2169  355.7997
258   348.1816  844.7425
259   758.6394  510.2224
260   185.6740  823.4830
261   112.4488  853.8802
262   250.6942  392.6575
263   925.0471  625.0286
264   495.5658  259.9919
265   807.5540  185.6337
266   134.5211  860.0824
267   575.4815  979.5461
268   516.1987  880.3504
269   774.4066  602.2073
270   226.5721  487.3189
271   908.1114  839.8389
272   481.3580  925.2763
273    45.4910  904.9513
274   617.5644  913.1729
275   928.5856  148.0810
276    65.2306  122.5744
277   963.8985  322.6505
278   698.0423  199.5450
279    12.1738  404.5427
280   667.9627  489.4358
281   422.5822  996.9832
282   387.4865  552.7205
283   868.8697   93.9996
284   890.7781  393.3555
285   538.3220  812.4112
286    38.7227  750.5137
287   489.5509  484.6432
288   186.9120  289.3635
289   329.2470  835.4975
290   328.9305  685.3616
291    86.9840  913.7817
292   946.5099  837.8924
293   558.0792  798.2137
294   978.6584  219.8251
295    71.8461  930.8084
296   228.7950  106.1945
297   736.8140  817.5635
298   937.2919  106.6437
299   610.6787  212.5326
300   147.7322  826.4034
301   315.1214   40.9534
302   855.6556  149.4995
303   948.2542  658.2797
304   780.8103  206.2085
305   524.4285  992.2765
306    35.6387  712.4998
307   814.3771  169.8107
308   760.7535  522.6035
309   838.2799  580.0436
310   276.3972  752.1610
311   327.3939  301.9747
312   614.4823   82.1134
313   574.8207  912.2925
314   318.7131  299.5728
315   832.1835  810.5572
316   652.3683  838.8044
317   996.9330  760.6734
318   776.4051  805.5473
319   984.8115  283.6392
320   199.4583  222.9467
321   715.1603  851.5779
322   121.5072  335.9356
323   217.7016  296.9546
324   309.4858  690.4372
325   489.7458  912.2734
326   608.2031  395.1337
327   489.3357   98.1035
328   910.6510  685.3655
329   684.6848  947.4086
330   530.7525  949.9267
331   378.8972  854.9531
332   864.2041  136.9589
333   202.9703  277.7548
334   887.5789  647.9094
335     2.6473  801.0207
336   721.7995  713.3079
337   824.5117  554.9862
338   148.3885  229.7219
339   352.7012  222.5570
340   403.9762  370.1266
341   635.7726  132.3605
342   818.4532  115.0611
343   540.1840  235.0557
344   445.5326  334.4155
345    43.3076  577.5630
346   664.4133  488.9297
347    78.7077   51.2152
348   953.0616  472.0066
349   873.2064   53.7521
350   852.0191  286.3619
351   693.0323  884.3492
352   251.7560  685.8554
353   309.7132  703.5198
354    94.7149  868.3464
355    94.3291  557.4200
356   174.6063  593.6923
357   242.8303   56.7505
358   204.4576  534.5616
359   212.7004  462.5100
360   372.0399  634.7380
361   745.1754  175.7363
362    60.1591  531.5648
363   550.6213  513.3708
364   288.0654  924.0544
365   872.9623  584.3828
366   982.8427  167.0042
367   232.2444  553.4483
368   307.8022  297.6709
369   273.7174  300.7399
370    47.4133  183.2932
371   398.0825  126.5453
372   685.1672  555.8690
373   818.8190  963.4527
374   874.2644  188.5518
375   301.3938  131.7459
376   118.3661   79.9980
377   155.9967  149.9930
378   231.6842  449.9323
379   567.4695  548.4298
380   780.8833  148.6530
381   980.2690  306.2726
382   660.2843  363.7722
383   191.7677   16.0074
384    46.4948  232.0829
385   185.7457  672.9938
386   399.3494   80.1893
387   322.9572  152.8367
388   976.8073  567.5077
389   169.5025   63.3594
390   655.8694  793.3631
391   805.2953  626.0839
392   772.4006  619.4968
393   621.6375  329.7990
394   550.3663  656.5481
395   418.9058  793.2612
396   893.4618   20.1720
397   846.2855  832.8239
398   712.5565   46.5049
399   829.0782   85.7700
400   828.7649  876.8063
401   218.4344  857.9320
402   732.8387    5.6827
403   948.7246  184.4147
404   981.6860  605.2050
405    72.5192  844.2897
406   307.9289  860.7917
407   673.9100  678.5142
408    69.4268  555.2772
409   841.6782  776.6271
410   210.2446  321.3836
411   286.4891  367.3657
412   368.5203  733.0235
413   498.4536  362.7087
414   386.4873  664.3427
415   798.4382  101.2283
416   529.1187  669.4623
417   551.9020  774.4112
418   352.9248  813.3052
419   717.1864  177.3151
420   557.0805  218.2378
421   333.5948  899.0905
422   373.2594  117.7284
423   576.8128  939.6219
424   140.4571  981.4592
425   150.8329  691.3897
426   596.0901  343.4672
427    48.7450  140.1135
428   127.8750  664.4332
429   159.2419  778.8525
430   431.2132  827.7169
431   642.6200  208.1529
432   785.4576  423.1231
433   576.3900  571.0764
434   185.4653  281.5615
435   796.7653  260.5451
436   409.8173  976.8705
437    83.1760  857.1661
438   112.5044  203.7196
439   431.2831  858.0109
440   160.5686  735.6839
441   733.1193  710.6094
442   574.1477  761.9685
443   437.3414  933.1491
444   989.8917  110.5492
445   849.1276  199.9057
446   680.9445  290.8895
447   868.0429  757.1202
448   640.6850  999.0646
449   511.7355  107.8044
450   484.3376  388.7009
451   903.9044  939.6356
452   673.5644   94.7886
453   713.5712  394.1540
454   112.8438  340.1031
455    14.2416   44.6114
456   918.2668   97.0140
457   158.5395  438.9464
458   449.3894  701.4651
459    99.2223  941.9406
460   652.4827  909.8956
461   568.6706  709.1008
462   921.9227  460.0536
463   472.2021  568.7203
464   363.5397  170.7468
465    82.9261  656.8633
466    33.2642  834.2612
467   229.1687  397.9594
468   129.4816  787.9078
469   897.9940   54.8042
470   754.1192  866.5271
471   448.3943  237.3836
472   988.2362  481.6867
473   173.5428  714.9364
474   587.2597  893.9062
475   701.7680  459.6752
476   909.9128  181.6899
477   744.7465  652.0649
478   864.4654    4.6510
479   629.7857  490.3635
480   401.7310  552.5439
481    27.6010  665.9259
482   163.0594  579.8673
483   673.5698  795.5212
484   225.0508  214.8151
485   369.4543  835.0786
486   530.5964  376.4405
487   767.3835  497.2688
488   599.9512  630.4953
489   818.5374  801.5163
490   405.9245  405.5690
491   472.1435  333.2275
492   897.1413  690.4870
493   515.0177  238.3107
494   125.0709  232.7464
495   310.9824  945.1158
496   748.0686  170.6081
497   641.8178  751.1709
498   834.2285  691.9704
499   872.9340  575.0224
500    44.5672   12.7921
501   292.5420  998.4907
502   727.8713  992.0502
503   808.6526  491.1918
504   714.6289  905.5205
505   406.9987  865.6595
506   957.0088  361.3797
507   139.0754  575.5406
508   525.3952  700.6747
509   213.5513  299.2469
510   423.6249  110.6228
511   572.0433  751.3773
512   899.3863  630.8772
513   259.7686  327.2507
514   811.2209  868.4902
515    54.1463  910.5807
516    41.1997  589.9742
517   228.7634  427.8258
518   329.2327  346.7653
519   198.7375  528.2914
520   505.8645  946.3789
521    27.3144  309.8087
522   581.5926  110.0314
523   962.1104  312.5026
524   213.7896  603.6346
525   777.1092  361.4094
526   501.7321  665.6697
527   929.7656  995.4556
528   753.6133  713.2559
529   303.6029   29.5567
530   273.0650   71.3181
531   118.4435  452.6104
532   102.9519  636.2583
533   197.3405  282.7548
534   196.3382  391.9986
535   764.8204  129.3956
536   666.9682  211.2679
537   823.7275  149.8752
538    67.4656  798.6456
539   418.4309  102.8530
540   895.8066  298.4926
541   957.2604  426.6583
542   902.9452  434.3950
543   925.4477  188.6111
544   646.7360  751.9272
545   981.0630  453.8647
546   994.7447  281.2552
547   570.2504  738.6543
548   321.4259  456.4000
549   914.7123    1.8088
550   321.2621  167.8283
551   548.3633  107.5492
552   852.3930  749.8904
553   627.0578  149.0935
554   923.2340  414.9321
555    25.9134  603.7750
556   914.8873  998.7881
557   762.3018  911.3486
558   886.1763  840.9225
559   452.1321  561.8864
560   578.3074  236.0509
561   168.6652  840.8240
562   880.6289  945.9610
563   598.4669  190.4116
564    35.8056  502.1747
565   813.4224  645.9726
566   474.2279  663.7872
567   965.7307  448.6741
568   176.5125  803.8988
569   102.4463  844.0109
570    25.8998  995.4255
571   165.1228  977.2602
572   620.6283  738.4896
573   559.1140  499.7087
574   951.3289   71.4906
575   725.6790  499.9586
576   174.3449  461.6459
577   449.9482  791.0956
578   216.1330  284.0463
579   305.5359  235.5260
580   342.6473  552.3840
581   258.1786  120.1317
582   222.6693    8.1889
583   890.7402  958.2690
584   780.1517   78.3722
585   457.4405  262.9853
586   775.3753  252.7080
587   538.3525  148.1933
588   593.6473  675.5823
589   510.6499  393.8167
590   376.4239  280.9186
591   162.0877  639.4405
592    72.6795  149.6591
593     8.3738  115.0775
594   767.1413  372.9182
595   770.2726  212.6236
596   783.3669  947.5453
597   614.8401  410.2454
598   755.4940   17.7625
599   918.8699  400.2389
600   470.0521  998.4054
601   573.0257   89.3164
602   847.1151   96.2422
603   435.8654  237.5156
604   127.5566  738.8314
605   363.2719  178.4857
606   137.3598  686.4558
607   276.9010   75.6339
608   717.9665  536.9237
609   777.1305  153.3794
610   826.3517  280.4668
611   228.2677  366.3912
612   106.5531  808.7723
613   826.8268   33.1138
614   358.0373  484.2310
615   242.3676  990.4500
616   316.1382  744.9338
617   348.4124  964.3878
618   319.0838  468.7132
619   602.5343  711.4705
620   236.9079  996.8701
621   391.4152  435.4611
622   239.6082  749.0238
623    43.6040  233.4615
624   690.8910   86.0072
625   306.4894  484.9736
626   845.4850  723.0575
627   690.7369  506.2228
628   119.6891  274.2408
629   342.8440  923.3808
630   365.5872  993.3767
631   540.9178  542.0220
632   926.0147   23.0023
633    46.2898  942.1161
634   805.7520  627.3037
635   488.2368  340.2857
636   830.9406  572.5333
637   936.5661  164.6786
638   153.5262   66.3905
639   947.2337  513.4526
640   399.6944  336.3580
641   209.1674  104.7945
642   706.9720  932.9418
643    40.4777  511.2511
644   716.8489   76.5606
645    62.2257  616.9452
646    93.8804  967.6508
647     7.1940  699.4249
648   559.8319  964.3232
649   643.5679  995.3664
650   231.4977  594.6296
651   292.8949  656.2008
652   167.6595  166.5883
653   144.3541  449.1605
654   665.0782  581.9764
655   891.8489   12.2631
656   270.4830  289.2703
657   961.8186  724.1354
658   590.6204  346.3711
659   817.8788  296.4004
660   440.1094  160.8537
661   828.3711  313.3572
662   558.7849  316.5942
663   269.1301   92.9298
664   148.4321  558.5568
665   279.8258  184.5348
666   334.5163  463.4248
667   526.4242  705.0750
668   508.0800  984.6753
669   724.1902  738.1528
670   437.7477  974.7472
671   616.2766  558.5194
672   941.6877  927.8809
673   680.6667   45.7896
674   535.5958  758.7144
675   117.1943   44.0211
676   614.0844  318.2624
677   274.5828   44.0900
678   413.8997   56.1986
679   448.2293  515.1025
680   936.3085  215.6036
681   938.5834  831.5079
682   495.0542  541.7848
683   988.2794  723.7087
684   632.6774  402.9441
685   184.9607  769.5972
686   640.9537  383.3342
687    54.7770  894.9761
688   494.9779  274.3154
689   142.7346  426.7874
690   576.5943  204.9683
691   588.6216  595.2116
692    41.1598  422.9210
693   381.9051  920.8649
694   836.9021  292.6369
695   711.7562  198.4367
696    36.8811  605.3294
697   265.4250   95.9123
698   314.0551  157.8902
699   383.4855  241.4320
700    42.2282  547.0295
701   770.6545  194.2864
702   606.8862  767.8686
703   914.5133  845.4464
704   755.0130  847.1302
705   431.9846  182.1534
706   347.3977  274.2806
707   790.6717  310.7576
708   302.0163  675.8963
709   958.5472  590.1037
710   815.4043  733.2693
711   127.3544  891.2198
712   601.0748  257.8486
713   859.1388  771.2792
714   523.8253  787.7364
715    61.6353  550.9372
716   197.9523  699.8901
717   739.2399  709.7526
718   114.5605  347.7685
719   513.7052    7.6318
720   666.7205  792.0674
721     8.0522  155.3280
722   781.3813  545.6917
723   591.2973   63.8556
724   783.0247  845.7461
725   906.1757  838.3447
726   440.5034  388.3602
727   849.5983  263.1393
728   735.5973  971.6276
729   662.0288  435.2386
730   564.5717  493.5518
731   301.0083  264.2176
732   537.3780   69.0294
733   425.8716  990.2792
734   702.4850  723.0004
735   194.5950  892.9240
736   106.8647  112.1618
737   186.1338  777.0012
738   135.7616  765.6944
739   207.0089  487.2490
740   619.9343  537.6722
741   114.9139  429.4744
742   626.8211  670.3587
743   972.3184  908.3922
744   929.6966   96.0252
745   960.3555  321.0582
746   522.1904   16.3088
747   920.3994  736.5828
748   371.8891  821.8240
749   166.8675  542.6858
750   991.1134  272.0623
751   115.6730  632.7758
752   146.2054  693.3724
753    89.9911  138.3170
754   304.4595  147.6202
755   948.1491  298.2606
756   699.4541  299.4568
757   398.7493  533.4820
758   373.2762  635.6526
759   915.2941  455.8107
760   856.0809  272.4540
761   837.0337  405.9897
762   424.3088  158.0065
763   161.0951  824.9606
764   405.4637  848.2398
765   195.8498  198.5411
766   860.0203  239.1430
767   718.7301  785.3598
768   277.7173  468.0244
769    36.5048  299.4188
770   649.8829  514.4405
771   110.3899  469.2832
772   873.5954  975.5257
773   453.1233   62.1121
774   358.7061  457.6875
775   265.5981  232.1448
776   268.8130  128.7465
777    72.0704  237.5768
778   784.5715  386.8174
779   300.6887   70.7808
780   357.1343   61.6537
781    51.5708  332.1723
782   829.3776  314.3910
783   428.7266  216.7104
784   840.4207  116.7152
785   667.2156  304.1696
786   783.9461  686.6220
787   987.7252  224.1922
788   206.3700  555.6856
789   937.0881  301.9055
790   127.1204  619.3050
791   971.6631   52.0738
792   713.4710  448.5179
793   732.9970  708.6132
794   170.1790  819.0103
795   118.9946  651.1532
796   446.6477  791.8198
797   755.1088  892.7684
798   829.6864  503.2834
799   119.8026   91.5779
800   258.7677  860.9769
801   920.1460  417.2787
802   786.6589  423.2286
803   789.1645  420.0633
804    60.3950  285.4014
805    26.7624  683.0983
806    83.6813  873.0216
807    69.1999  994.8695
808   786.3339  237.6728
809   141.1981  862.2711
810   725.4088  846.8437
811   676.6720  261.1811
812   987.5287  424.9335
813   608.7086  802.6295
814   714.1341  322.6915
815   288.9549  493.9831
816   350.7048  316.2551
817   397.8933  244.0778
818   547.0351  780.9332
819   699.5765  707.2519
820   272.5791   42.1800
821   253.1382  683.3856
822   555.0612  988.9417
823   369.5373  161.5379
824   870.3095  185.1053
825   728.9724  981.1444
826   211.7913   58.3730
827   441.1964   73.8482
828   647.5384  404.9396
829   830.4742  616.8102
830   609.2182  533.9495
831   275.0520  127.3611
832   548.0490   14.9279
833   553.7535  788.6106
834    54.5580  841.0260
835   319.2876  376.7390
836   979.1554  371.2924
837    75.3426  768.3584
838   779.0707  541.6467
839   175.1197  742.8933
840   493.5727  610.6056
841   899.9810  859.8424
842   463.8266  175.9340
843   957.5759  305.9439
844   888.7524  387.2588
845    95.9622  891.5155
846     5.1719  445.2335
847    36.0862  197.0891
848   751.0240  567.8205
849   669.6441  708.1383
850   932.8381  610.0082
851   897.0601  903.9496
852   628.5770   38.9974
853   127.0287  292.1377
854   100.4463  695.9410
855   839.8648  376.5674
856   540.5965  332.2139
857   537.3979  558.3763
858    96.6786  747.8535
859   477.3049  316.7438
860   592.9448  415.3559
861   459.8995  552.6016
862   992.1387  706.8406
863   787.3613  669.9904
864   739.1596  451.3360
865    64.4292  505.9285
866   806.0910  288.8962
867   497.3287  569.8161
868   323.1922  919.0456
869   703.1307   77.6337
870   257.5572  339.3363
871   183.0102  167.4834
872    76.3328  210.0298
873   511.5071   74.1236
874   449.9917  721.7116
875   936.6517  274.9839
876   958.3633  832.5259
877    63.9806  720.3264
878   933.8918  753.3483
879   766.7477  540.7605
880   703.8818  982.6073
881   828.9733  798.8808
882   200.9293  717.8456
883   536.5727   99.1499
884   299.0240  593.6486
885   707.0270  890.7567
886   253.8318  835.5737
887   348.3786  788.2102
888    43.9473  993.6251
889   564.6273  793.7082
890   610.8083  816.1641
891   830.0581  511.6230
892    90.5055  995.5374
893   316.1718   76.4723
894   677.3077  868.3274
895   119.1045  475.8221
896   450.6745  534.2625
897    62.9785  991.1675
898    50.5914  298.9343
899     5.6480  112.3834
900   961.4818   30.8968
901   466.1295  484.1862
902   788.2562  429.9806
903   415.6287  553.1335
904   769.3060  129.0434
905   134.6826  755.6478
906   481.9562  164.1121
907   464.8018  644.0893
908   887.3144  230.9915
909   484.2872  548.3133
910   708.4828  194.0381
911   382.8244  914.8105
912   756.4015  448.8061
913    14.5386  567.8099
914   174.8795  624.4068
915   707.8158  354.5589
916   840.5710  480.5541
917   776.0075  779.4979
918    22.4908  964.7041
919   445.3948  628.7812
920   953.0346  926.2233
921   347.0994  288.0937
922   681.3120  508.7637
923   695.6191  291.9611
924   273.2739  308.2556
925   506.3677  423.1464
926   519.9819   75.3654
927   384.1386  112.5923
928   995.8679  292.9556
929   886.4611  907.1852
930   525.9443    2.1428
931   336.1297  247.8169
932   553.9708  569.2679
933    34.1870   75.1679
934   660.1589  356.9844
935   546.2379   68.7483
936    15.2054  305.1643
937   755.6731  761.4208
938   909.2608  159.9598
939   654.5089  719.5940
940   554.3055  549.3739
941   597.3879  345.3470
942   825.3947  111.5440
943   956.9828  692.3473
944   117.2237  165.6900
945   877.9668   53.8633
946    22.9343  352.7598
947   386.7035  616.1597
948   561.0875  486.4636
949   103.1417  768.3937
950   507.8250  466.1643
951    36.2304  908.5395
952   124.0026   94.6845
953   475.5294  129.2167
954   607.1211   25.7656
955   364.0471  847.6739
956   991.8793  326.4229
957   351.2288  909.7102
958   372.1766  651.8904
959   986.3651  725.0982
960   767.9410  954.9565
961    98.0882  895.9440
962   187.7722  847.4484
963   941.6610    0.6304
964   995.9362  264.4189
965   121.4455  447.9500
966   418.9694  169.4742
967   515.6038  263.6509
968   286.8423  850.4779
969   313.0770  567.2983
970   633.2787  779.0665
971   650.4311   64.7892
972    64.3268   42.5021
973   901.0580  854.7766
974   822.1351  835.8662
975   301.7042  595.4031
976   314.4700  259.7874
977   504.5249  289.9125
978   961.9786  192.3133
979   578.1007  675.5575
980   270.8615  900.4182
981   949.0847  891.6214
982   830.6703  506.6701
983   940.9326  643.6938
984   142.1488  701.9938
985   477.1181  790.7526
986   677.9902  570.6705
987   414.2894  630.4131
988    20.2355  158.5382
989   565.7323  960.2898
990     8.6303  692.6688
991   509.8586  794.5895
992   982.3915  350.1252
993   701.5878  501.2557
994   321.3078  194.4424
995   480.4066  866.3188
996   763.3148  387.8260
997   319.1664  745.5986
998   855.2130   35.4447
999   712.7944   54.6274
1000   130.8668  582.6546