1 3
1 4
1 9
1 10
1 5
1 12
1 7
1 8
1 62
1 14
2 70
2 76
2 73
2 72
2 69
2 82
2 74
2 75
2 81
2 77
3 9
3 4
3 5
3 7
3 8
3 10
3 62
3 66
3 12
3 6
4 8
4 10
4 12
4 9
4 6
4 14
4 62
4 5
4 96
4 7
5 9
5 7
5 10
5 25
5 27
5 21
5 11
5 23
5 19
5 66
6 96
6 11
6 8
6 97
6 14
6 101
6 62
6 63
6 13
6 98
7 9
7 25
7 23
7 27
7 22
7 67
7 15
7 71
7 66
7 26
8 14
8 96
8 11
8 12
8 62
8 10
8 13
8 63
8 9
8 97
9 23
9 25
9 10
9 66
9 62
9 27
9 67
9 101
9 19
9 65
10 12
10 19
10 21
10 14
10 17
10 63
10 80
10 24
10 25
10 44
11 96
11 13
11 101
11 98
11 97
11 14
11 15
11 63
11 43
11 62
12 19
12 14
12 16
12 44
12 99
12 5
12 67
12 7
12 66
12 6
13 15
13 98
13 43
13 14
13 101
13 96
13 97
13 44
13 42
13 99
14 44
14 96
14 43
14 19
14 15
14 98
14 101
14 97
14 16
14 104
15 98
15 42
15 43
15 101
15 99
15 104
15 97
15 96
15 40
15 106
16 19
16 44
16 6
16 17
16 51
16 1
16 62
16 98
16 9
16 3
17 19
17 21
17 12
17 41
17 25
17 22
17 63
17 96
17 71
17 66
18 20
18 38
18 79
18 66
18 42
18 78
18 100
18 68
18 62
18 40
19 44
19 4
19 8
19 1
19 22
19 64
19 43
19 99
19 11
19 104
20 63
20 21
20 65
20 23
20 27
20 106
20 50
20 15
20 8
20 84
21 1
21 100
21 43
21 28
21 26
21 96
21 9
21 6
21 13
21 4
22 27
22 26
22 25
22 24
22 31
22 30
22 23
22 29
22 5
22 67
23 67
23 27
23 65
23 25
23 24
23 66
23 64
23 26
23 3
23 1
24 27
24 26
24 31
24 25
24 30
24 65
24 67
24 7
24 29
24 96
25 27
25 26
25 30
25 3
25 31
25 67
25 1
25 29
25 65
25 43
26 27
26 30
26 31
26 29
26 28
26 5
26 97
26 106
26 62
26 47
27 31
27 30
27 67
27 65
27 29
27 3
27 10
27 6
27 68
27 13
28 38
28 29
28 33
28 30
28 18
28 12
28 31
28 8
28 7
28 62
29 30
29 33
29 31
29 37
29 32
29 38
29 35
29 71
29 11
29 3
30 31
30 33
30 32
30 37
30 38
30 67
30 107
30 21
30 12
30 66
31 32
31 37
31 33
31 23
31 44
31 79
31 16
31 8
31 63
31 101
32 37
32 35
32 33
32 36
32 62
32 27
32 1
32 100
32 65
32 26
33 37
33 38
33 36
33 35
33 39
33 34
33 9
33 100
33 21
33 19
34 38
34 36
34 39
34 62
34 19
34 3
34 63
34 67
34 28
34 22
35 37
35 36
35 39
35 63
35 11
35 1
35 26
35 14
35 9
35 44
36 39
36 37
36 38
36 29
36 67
36 43
36 16
36 4
36 96
36 25
37 39
37 21
37 66
37 9
37 25
37 10
37 24
37 71
37 19
37 5
38 51
38 25
38 23
38 4
38 42
38 64
38 41
38 50
38 12
38 7
39 66
39 67
39 68
39 65
39 79
39 30
39 23
39 19
39 6
39 38
40 47
40 41
40 42
40 43
40 46
40 104
40 130
40 50
40 13
40 51
41 47
41 42
41 130
41 104
41 127
41 128
41 15
41 46
41 43
41 98
42 104
42 43
42 47
42 98
42 99
42 106
42 101
42 11
42 107
42 44
43 44
43 98
43 50
43 51
43 47
43 101
43 96
43 6
43 104
43 16
44 51
44 50
44 11
44 15
44 8
44 6
44 98
44 96
44 97
44 106
45 48
45 57
45 52
45 53
45 107
45 50
45 99
45 4
45 97
45 46
46 54
46 47
46 50
46 51
46 49
46 42
46 43
46 44
46 130
46 99
47 130
47 50
47 54
47 51
47 127
47 15
47 99
47 104
47 10
47 19
48 49
48 52
48 53
48 57
48 54
48 12
48 101
48 130
48 14
48 106
49 54
49 52
49 50
49 45
49 51
49 98
49 100
49 96
49 13
49 37
50 51
50 54
50 16
50 42
50 13
50 21
50 7
50 32
50 26
50 96
51 54
51 19
51 13
51 42
51 22
51 3
51 30
51 7
51 103
51 64
52 53
52 54
52 98
52 19
52 11
52 68
52 132
52 71
52 25
52 4
53 37
53 28
53 54
53 88
53 24
53 5
53 51
53 14
53 38
53 20
54 40
54 103
54 15
54 71
54 85
54 13
54 11
54 10
54 41
54 128
55 59
55 58
55 71
55 97
55 32
55 24
55 64
55 21
55 3
55 47
56 60
56 61
56 44
56 99
56 64
56 16
56 1
56 104
56 17
56 106
57 61
57 64
57 42
57 6
57 53
57 49
57 51
57 15
57 97
57 39
58 59
58 32
58 28
58 27
58 106
58 35
58 31
58 19
58 9
58 21
59 62
59 40
59 11
59 107
59 22
59 1
59 31
59 7
59 71
59 14
60 61
60 5
60 68
60 35
60 30
60 17
60 128
60 64
60 63
60 6
61 5
61 128
61 65
61 21
61 4
61 16
61 11
61 50
61 14
61 71
62 63
62 66
62 96
62 71
62 68
62 64
62 97
62 101
62 67
62 14
63 71
63 96
63 97
63 68
63 66
63 101
63 79
63 64
63 98
63 4
64 66
64 67
64 68
64 65
64 71
64 80
64 3
64 79
64 72
64 69
65 67
65 66
65 7
65 68
65 100
65 3
65 14
65 79
65 22
65 13
66 67
66 68
66 71
66 4
66 6
66 96
66 8
66 1
66 79
66 99
67 68
67 3
67 98
67 97
67 69
67 63
67 13
67 72
67 82
67 5
68 71
68 72
68 79
68 69
68 80
68 70
68 82
68 2
68 97
68 96
69 72
69 82
69 80
69 70
69 79
69 73
69 78
69 81
69 71
69 75
70 72
70 73
70 82
70 76
70 81
70 75
70 80
70 79
70 78
70 84
71 79
71 97
71 80
71 72
71 101
71 96
71 82
71 74
71 76
71 6
72 82
72 79
72 80
72 73
72 78
72 81
72 76
72 75
72 100
72 85
73 75
73 76
73 81
73 82
73 74
73 77
73 84
73 78
73 80
73 88
74 77
74 76
74 75
74 81
74 70
74 89
74 84
74 85
74 79
74 94
75 81
75 77
75 76
75 84
75 88
75 82
75 78
75 89
75 85
75 86
76 77
76 81
76 82
76 69
76 80
76 91
76 84
76 102
76 78
76 64
77 89
77 81
77 94
77 88
77 91
77 84
77 70
77 11
77 95
77 63
78 85
78 84
78 81
78 80
78 82
78 102
78 86
78 88
78 105
78 79
79 80
79 82
79 73
79 75
79 100
79 97
79 81
79 102
79 85
79 105
80 82
80 81
80 85
80 102
80 84
80 100
80 105
80 75
80 86
80 113
81 84
81 82
81 88
81 85
81 86
81 102
81 105
81 101
81 91
81 63
82 84
82 85
82 102
82 88
82 86
82 105
82 100
82 89
82 74
82 62
83 116
83 110
83 90
83 87
83 111
83 91
83 115
83 109
83 86
83 114
84 88
84 85
84 86
84 102
84 105
84 69
84 91
84 92
84 117
84 87
85 102
85 86
85 105
85 88
85 113
85 87
85 100
85 109
85 103
85 69
86 88
86 102
86 87
86 105
86 113
86 109
86 91
86 79
86 111
86 70
87 109
87 111
87 113
87 110
87 108
87 102
87 116
87 88
87 105
87 103
88 91
88 102
88 89
88 83
88 90
88 105
88 112
88 119
88 113
88 109
89 91
89 92
89 94
89 95
89 90
89 93
89 103
89 115
89 143
89 113
90 92
90 91
90 115
90 116
90 95
90 72
90 79
90 80
90 117
90 84
91 92
91 115
91 75
91 95
91 87
91 94
91 110
91 74
91 108
91 85
92 115
92 95
92 93
92 94
92 83
92 107
92 144
92 108
92 97
92 87
93 95
93 94
93 115
93 2
93 143
93 88
93 74
93 109
93 100
93 63
94 95
94 2
94 90
94 98
94 88
94 110
94 116
94 82
94 113
94 78
95 115
95 76
95 100
95 114
95 86
95 73
95 121
95 83
95 85
95 72
96 97
96 101
96 98
96 99
96 3
96 100
96 85
96 83
96 87
96 78
97 101
97 98
97 99
97 100
97 106
97 104
97 80
97 64
97 84
97 83
98 101
98 99
98 104
98 106
98 100
98 8
98 71
98 102
98 78
98 77
99 106
99 104
99 100
99 101
99 107
99 103
99 105
99 11
99 102
99 113
100 105
100 106
100 102
100 103
100 101
100 107
100 104
100 113
100 78
100 71
101 106
101 104
101 8
101 79
101 108
101 82
101 86
101 84
101 69
101 103
102 105
102 113
102 103
102 109
102 108
102 106
102 107
102 69
102 111
102 75
103 107
103 113
103 108
103 105
103 106
103 109
103 104
103 112
103 111
103 86
104 106
104 107
104 13
104 105
104 108
104 113
104 11
104 78
104 109
104 85
105 113
105 106
105 107
105 109
105 108
105 111
105 70
105 94
105 90
105 66
106 107
106 113
106 108
106 109
106 85
106 69
106 43
106 13
106 74
106 63
107 108
107 113
107 109
107 112
107 87
107 111
107 80
107 2
107 85
107 62
108 113
108 109
108 112
108 111
108 110
108 86
108 100
108 85
108 121
108 99
109 113
109 111
109 110
109 112
109 116
109 121
109 84
109 100
109 69
109 80
110 116
110 111
110 121
110 114
110 119
110 112
110 117
110 122
110 144
110 113
111 116
111 112
111 113
111 121
111 143
111 90
111 114
111 119
111 122
111 85
112 121
112 133
112 136
112 134
112 122
112 113
112 87
112 128
112 76
112 115
113 78
113 84
113 83
113 116
113 11
113 98
113 91
113 74
113 72
113 12
114 119
114 117
114 144
114 143
114 116
114 115
114 118
114 121
114 122
114 90
115 117
115 143
115 116
115 144
115 119
115 125
115 110
115 68
115 101
115 80
116 119
116 117
116 144
116 143
116 121
116 122
116 91
116 92
116 44
116 86
117 143
117 144
117 119
117 83
117 118
117 77
117 92
117 109
117 78
117 91
118 125
118 120
118 123
118 119
118 126
118 144
118 122
118 124
118 143
118 121
119 144
119 143
119 121
119 122
119 120
119 83
119 125
119 123
119 1
119 44
120 123
120 125
120 124
120 122
120 126
120 121
120 86
120 69
120 144
120 88
121 122
121 133
121 123
121 134
121 136
121 87
121 76
121 89
121 73
121 4
122 123
122 133
122 124
122 134
122 136
122 83
122 90
122 84
122 78
122 74
123 124
123 125
123 133
123 134
123 66
123 89
123 76
123 11
123 143
123 64
124 138
124 125
124 133
124 105
124 101
124 144
124 97
124 79
124 75
124 102
125 126
125 144
125 114
125 143
125 73
125 102
125 72
125 128
125 93
125 91
126 40
126 144
126 43
126 6
126 122
126 41
126 108
126 83
126 117
126 113
127 130
127 132
127 128
127 131
127 136
127 135
127 80
127 102
127 83
127 90
128 132
128 136
128 130
128 134
128 135
128 133
128 131
128 107
128 77
128 111
129 131
129 137
129 139
129 135
129 132
129 138
129 140
129 90
129 100
129 81
130 132
130 131
130 136
130 106
130 80
130 88
130 70
130 91
130 78
130 110
131 132
131 135
131 139
131 137
131 136
131 134
131 88
131 85
131 77
131 43
132 135
132 136
132 134
132 133
132 139
132 66
132 63
132 103
132 84
132 116
133 134
133 136
133 135
133 86
133 8
133 15
133 77
133 69
133 98
133 79
134 136
134 135
134 139
134 5
134 6
134 42
134 9
134 104
134 102
134 4
135 136
135 139
135 138
135 137
135 121
135 117
135 103
135 98
135 94
135 75
136 108
136 106
136 78
136 5
136 87
136 81
136 86
136 79
136 107
136 129
137 139
137 140
137 138
137 99
137 85
137 134
137 124
137 105
137 71
137 98
138 139
138 73
138 68
138 106
138 79
138 100
138 72
138 13
138 114
138 87
139 140
139 128
139 108
139 113
139 81
139 78
139 68
139 117
139 111
139 106
140 96
140 102
140 71
140 42
140 101
140 68
140 3
140 107
140 103
140 80
141 142
141 104
141 96
141 6
141 10
141 99
141 78
141 139
141 133
141 41
142 12
142 102
142 91
142 15
142 1
142 111
142 124
142 121
142 95
142 74
143 144
143 83
143 110
143 90
143 92
143 133
143 1
143 40
143 138
143 134
144 83
144 121
144 90
144 122
144 100
144 87
144 70
144 64
144 77
144 72