1 155
1 487
1 815
1 730
1 123
1 573
1 575
1 503
1 479
1 993
2 636
2 134
2 433
2 986
2 499
2 867
2 507
2 932
2 463
2 913
3 88
3 795
3 41
3 958
3 477
3 334
3 71
3 565
3 17
3 848
4 23
4 628
4 706
4 688
4 760
4 875
4 750
4 333
4 117
4 345
5 800
5 406
5 266
5 809
5 841
5 439
5 401
5 437
5 52
5 505
6 511
6 497
6 310
6 544
6 127
6 286
6 552
6 53
6 878
6 622
7 438
7 226
7 690
7 232
7 304
7 199
7 858
7 445
7 278
7 905
8 866
8 921
8 656
8 288
8 977
8 350
8 446
8 804
8 923
8 853
9 268
9 400
9 694
9 928
9 431
9 578
9 351
9 145
9 319
9 388
10 175
10 746
10 598
10 383
10 832
10 396
10 201
10 500
10 655
10 765
11 460
11 957
11 515
11 49
11 951
11 743
11 157
11 557
11 929
11 325
12 811
12 435
12 264
12 976
12 585
12 727
12 28
12 313
12 967
12 712
13 221
13 586
13 179
13 731
13 274
13 964
13 712
13 291
13 504
13 116
14 670
14 772
14 190
14 728
14 436
14 571
14 273
14 43
14 911
14 695
15 248
15 934
15 506
15 525
15 257
15 413
15 255
15 78
15 915
15 382
16 315
16 612
16 285
16 418
16 42
16 318
16 222
16 31
16 969
16 256
17 117
17 651
17 156
17 394
17 465
17 477
17 958
17 303
17 88
17 795
18 519
18 100
18 58
18 362
18 3
18 21
18 757
18 995
18 147
18 212
19 84
19 911
19 77
19 43
19 291
19 868
19 274
19 313
19 325
19 693
20 481
20 526
20 209
20 186
20 414
20 428
20 566
20 130
20 34
20 416
21 830
21 757
21 896
21 358
21 362
21 608
21 193
21 863
21 740
21 742
22 163
22 860
22 801
22 554
22 129
22 803
22 557
22 519
22 18
22 267
23 760
23 628
23 706
23 688
23 750
23 875
23 333
23 56
23 470
23 976
24 591
24 210
24 225
24 532
24 758
24 983
24 907
24 360
24 515
24 308
25 599
25 233
25 74
25 684
25 467
25 279
25 828
25 490
25 55
25 761
26 412
26 710
26 46
26 242
26 440
26 747
26 120
26 326
26 146
26 244
27 192
27 947
27 829
27 645
27 840
27 850
27 790
27 392
27 830
27 264
28 585
28 727
28 967
28 731
28 964
28 811
28 435
28 264
28 976
28 97
29 713
29 685
29 949
29 837
29 417
29 702
29 409
29 712
29 179
29 738
30 603
30 471
30 808
30 777
30 493
30 560
30 766
30 234
30 579
30 343
31 806
31 400
31 51
31 699
31 623
31 69
31 494
31 9
31 775
31 384
32 779
32 574
32 530
32 732
32 935
32 122
32 827
32 873
32 240
32 194
33 385
33 588
33 979
33 708
33 742
33 863
33 249
33 416
33 638
33 34
34 416
34 130
34 863
34 742
34 209
34 481
34 526
34 385
34 933
34 186
35 948
35 625
35 287
35 270
35 739
35 901
35 614
35 346
35 280
35 191
36 132
36 125
36 238
36 427
36 754
36 275
36 472
36 587
36 479
36 926
37 349
37 945
37 154
37 999
37 469
37 791
37 678
37 347
37 357
37 112
38 596
38 329
38 200
38 70
38 520
38 562
38 330
38 495
38 826
38 130
39 332
39 753
39 427
39 341
39 428
39 375
39 414
39 380
39 607
39 238
40 151
40 718
40 992
40 189
40 45
40 518
40 658
40 941
40 946
40 128
41 334
41 71
41 795
41 88
41 565
41 958
41 477
41 907
41 407
41 983
42 318
42 222
42 568
42 612
42 813
42 315
42 489
42 335
42 503
42 553
43 911
43 291
43 274
43 325
43 313
43 84
43 77
43 557
43 515
43 868
44 931
44 87
44 116
44 180
44 817
44 460
44 957
44 586
44 11
44 566
45 658
45 518
45 718
45 941
45 128
45 151
45 992
45 426
45 189
45 916
46 242
46 440
46 710
46 412
46 747
46 669
46 572
46 547
46 604
46 426
47 879
47 148
47 838
47 682
47 631
47 749
47 740
47 193
47 608
47 110
48 353
48 984
48 458
48 667
48 508
48 716
48 647
48 862
48 819
48 236
49 951
49 743
49 157
49 957
49 460
49 929
49 515
49 557
49 504
49 325
50 312
50 399
50 624
50 386
50 376
50 219
50 313
50 273
50 147
50 212
51 69
51 806
51 253
51 514
51 354
51 894
51 158
51 274
51 851
51 470
52 437
52 401
52 439
52 256
52 973
52 331
52 841
52 266
52 261
52 406
53 622
53 552
53 286
53 127
53 858
53 497
53 511
53 544
53 310
53 878
54 146
54 197
54 761
54 55
54 597
54 490
54 828
54 279
54 997
54 5
55 490
55 146
55 761
55 828
55 197
55 279
55 684
55 233
55 800
55 597
56 105
56 382
56 78
56 413
56 611
56 411
56 198
56 525
56 506
56 616
57 854
57 647
57 752
57 716
57 990
57 508
57 943
57 498
57 248
57 458
58 100
58 519
58 308
58 584
58 995
58 684
58 25
58 291
58 425
58 849
59 252
59 142
59 537
59 377
59 387
59 592
59 302
59 609
59 553
59 380
60 687
60 474
60 961
60 79
60 735
60 797
60 181
60 587
60 981
60 275
61 882
61 473
61 939
61 115
61 877
61 845
61 196
61 711
61 336
61 528
62 665
62 403
62 824
62 245
62 265
62 370
62 705
62 476
62 754
62 721
63 271
63 561
63 316
63 558
63 834
63 150
63 725
63 292
63 135
63 227
64 174
64 392
64 790
64 914
64 67
64 263
64 974
64 374
64 569
64 543
65 563
65 205
65 978
65 543
65 374
65 910
65 701
65 73
65 994
65 885
66 464
66 496
66 185
66 307
66 213
66 361
66 966
66 842
66 421
66 886
67 135
67 292
67 974
67 886
67 289
67 725
67 485
67 316
67 113
67 466
68 114
68 167
68 133
68 998
68 83
68 852
68 63
68 271
68 613
68 561
69 253
69 514
69 354
69 894
69 158
69 806
69 470
69 995
69 397
69 558
70 520
70 562
70 329
70 596
70 495
70 200
70 330
70 150
70 834
70 876
71 565
71 334
71 907
71 983
71 391
71 31
71 289
71 795
71 505
71 633
72 714
72 468
72 887
72 833
72 767
72 985
72 577
72 405
72 88
72 153
73 994
73 701
73 910
73 978
73 847
73 205
73 563
73 695
73 765
73 301
74 467
74 599
74 233
74 326
74 684
74 306
74 459
74 453
74 419
74 874
75 478
75 402
75 930
75 719
75 549
75 582
75 963
75 796
75 550
75 485
76 398
76 164
76 673
76 455
76 677
76 112
76 675
76 347
76 972
76 195
77 84
77 868
77 911
77 693
77 291
77 274
77 645
77 258
77 791
77 829
78 413
78 382
78 105
78 525
78 506
78 611
78 248
78 411
78 198
78 720
79 961
79 181
79 687
79 474
79 421
79 735
79 797
79 980
79 981
79 845
80 300
80 763
80 430
80 260
80 748
80 172
80 820
80 589
80 265
80 246
81 674
81 447
81 317
81 937
81 905
81 442
81 958
81 871
81 711
81 278
82 799
82 208
82 663
82 131
82 283
82 601
82 452
82 952
82 697
82 744
83 852
83 301
83 133
83 114
83 167
83 820
83 998
83 972
83 602
83 675
84 868
84 911
84 693
84 291
84 274
84 313
84 325
84 456
84 677
84 809
85 423
85 451
85 459
85 633
85 495
85 96
85 477
85 177
85 681
85 313
86 635
86 454
86 870
86 426
86 128
86 941
86 640
86 658
86 322
86 325
87 931
87 116
87 180
87 586
87 817
87 113
87 878
87 984
87 321
87 129
88 958
88 795
88 477
88 334
88 117
88 71
88 651
88 156
88 565
88 394
89 865
89 627
89 982
89 168
89 798
89 922
89 564
89 244
89 993
89 169
90 118
90 969
90 388
90 913
90 848
90 559
90 463
90 932
90 259
90 867
91 491
91 344
91 856
91 781
91 322
91 93
91 640
91 119
91 393
91 138
92 420
92 783
92 294
92 680
92 136
92 484
92 339
92 320
92 595
92 299
93 119
93 393
93 781
93 856
93 491
93 513
93 250
93 344
93 956
93 322
94 1000
94 654
94 365
94 309
94 482
94 345
94 362
94 400
94 722
94 284
95 241
95 145
95 351
95 885
95 711
95 845
95 981
95 144
95 15
95 753
96 425
96 498
96 492
96 324
96 943
96 990
96 752
96 854
96 786
96 606
97 964
97 731
97 967
97 727
97 585
97 750
97 57
97 760
97 352
97 797
98 764
98 955
98 962
98 173
98 704
98 810
98 968
98 724
98 703
98 321
99 475
99 462
99 774
99 223
99 548
99 576
99 106
99 759
99 258
99 177
100 519
100 359
100 308
100 405
100 569
100 666
100 545
100 362
100 227
100 980
101 457
101 229
101 230
101 202
101 846
101 254
101 125
101 634
101 518
101 251
102 686
102 111
102 165
102 778
102 844
102 835
102 855
102 619
102 445
102 575
103 448
103 556
103 501
103 600
103 281
103 620
103 892
103 527
103 570
103 649
104 906
104 637
104 944
104 652
104 366
104 823
104 871
104 550
104 660
104 938
105 382
105 611
105 413
105 411
105 198
105 525
105 506
105 807
105 248
105 966
106 576
106 359
106 666
106 223
106 462
106 475
106 774
106 950
106 340
106 213
107 738
107 702
107 837
107 949
107 442
107 937
107 685
107 317
107 548
107 307
108 247
108 787
108 149
108 320
108 338
108 339
108 908
108 824
108 703
108 243
109 356
109 884
109 650
109 161
109 126
109 691
109 975
109 152
109 204
109 709
110 722
110 749
110 700
110 631
110 682
110 838
110 148
110 909
110 379
110 516
111 165
111 686
111 835
111 855
111 486
111 879
111 47
111 940
111 182
111 466
112 347
112 791
112 164
112 349
112 945
112 398
112 999
112 154
112 673
112 469
113 466
113 485
113 289
113 886
113 974
113 397
113 876
113 153
113 681
113 135
114 167
114 133
114 998
114 852
114 292
114 613
114 725
114 316
114 301
114 172
115 877
115 196
115 939
115 874
115 882
115 734
115 626
115 683
115 657
115 959
116 931
116 586
116 180
116 221
116 473
116 271
116 63
116 820
116 366
116 86
117 651
117 156
117 394
117 465
117 303
117 477
117 958
117 795
117 3
117 45
118 559
118 664
118 671
118 857
118 969
118 388
118 913
118 848
118 355
118 947
119 393
119 781
119 856
119 513
119 250
119 491
119 956
119 344
119 885
119 900
120 959
120 657
120 683
120 626
120 734
120 874
120 486
120 869
120 340
120 735
121 630
121 888
121 305
121 502
121 807
121 649
121 897
121 570
121 527
121 892
122 873
122 827
122 240
122 194
122 933
122 926
122 574
122 607
122 530
122 779
123 503
123 479
123 730
123 815
123 191
123 280
123 155
123 615
123 144
123 733
124 580
124 480
124 206
124 282
124 861
124 188
124 903
124 367
124 715
124 218
125 238
125 132
125 427
125 337
125 940
125 408
125 346
125 893
125 644
125 162
126 161
126 152
126 356
126 884
126 709
126 516
126 650
126 691
126 182
126 975
127 497
127 286
127 511
127 544
127 552
127 310
127 622
127 878
127 858
127 788
128 941
128 426
128 658
128 518
128 718
128 372
128 620
128 1
128 281
128 753
129 554
129 860
129 163
129 597
129 801
129 379
129 909
129 40
129 869
129 822
130 416
130 863
130 742
130 209
130 481
130 526
130 186
130 385
130 428
130 732
131 283
131 452
131 663
131 952
131 697
131 799
131 744
131 602
131 208
131 456
132 238
132 427
132 754
132 143
132 275
132 327
132 635
132 414
132 587
132 601
133 167
133 998
133 852
133 613
133 301
133 454
133 203
133 270
133 151
133 214
134 636
134 499
134 433
134 507
134 986
134 867
134 932
134 345
134 463
134 33
135 292
135 725
135 316
135 974
135 271
135 886
135 289
135 485
135 561
135 150
136 680
136 484
136 783
136 595
136 299
136 558
136 420
136 834
136 113
136 466
137 538
137 881
137 293
137 140
137 335
137 489
137 483
137 141
137 536
137 991
138 616
138 839
138 997
138 858
138 813
138 905
138 935
138 294
138 739
138 889
139 890
139 297
139 794
139 184
139 418
139 285
139 380
139 227
139 332
139 622
140 293
140 538
140 881
140 483
140 141
140 991
140 335
140 489
140 889
140 390
141 483
141 991
141 889
141 390
141 395
141 720
141 293
141 796
141 538
141 881
142 252
142 537
142 377
142 592
142 302
142 553
142 380
142 587
142 275
142 387
143 327
143 456
143 883
143 602
143 744
143 697
143 754
143 609
143 452
143 415
144 893
144 162
144 644
144 607
144 933
144 926
144 869
144 194
144 240
144 873
145 351
145 584
145 827
145 241
145 122
145 952
145 219
145 376
145 283
145 386
146 197
146 761
146 490
146 828
146 279
146 684
146 597
146 577
146 268
146 131
147 212
147 851
147 273
147 504
147 929
147 157
147 980
147 743
147 951
147 233
148 879
148 631
148 838
148 682
148 749
148 740
148 193
148 49
148 608
148 722
149 787
149 320
149 247
149 339
149 294
149 985
149 395
149 574
149 721
149 813
150 834
150 561
150 558
150 271
150 227
150 316
150 725
150 569
150 292
150 405
151 992
151 189
151 718
151 518
151 658
151 946
151 258
151 941
151 67
151 703
152 709
152 516
152 161
152 182
152 356
152 884
152 650
152 691
152 975
152 128
153 876
153 397
153 681
153 466
153 172
153 485
153 289
153 886
153 974
153 67
154 999
154 349
154 469
154 945
154 678
154 357
154 791
154 347
154 826
154 430
155 815
155 730
155 487
155 503
155 479
155 191
155 724
155 539
155 530
155 9
156 394
156 651
156 465
156 303
156 477
156 958
156 584
156 566
156 397
156 872
157 743
157 951
157 929
157 957
157 460
157 515
157 504
157 557
157 273
157 212
158 894
158 514
158 253
158 354
158 470
158 995
158 505
158 325
158 313
158 851
159 771
159 618
159 348
159 768
159 950
159 274
159 806
159 663
159 204
159 355
160 531
160 864
160 545
160 378
160 166
160 653
160 912
160 567
160 792
160 759
161 884
161 356
161 709
161 516
161 650
161 691
161 975
161 182
161 207
161 965
162 893
162 644
162 869
162 607
162 933
162 926
162 584
162 194
162 240
162 873
163 801
163 860
163 554
163 827
163 122
163 219
163 376
163 803
163 386
163 548
164 398
164 673
164 455
164 347
164 677
164 675
164 791
164 204
164 574
164 573
165 835
165 486
165 855
165 215
165 594
165 88
165 600
165 530
165 974
165 280
166 378
166 653
166 567
166 912
166 792
166 207
166 965
166 864
166 531
166 254
167 998
167 852
167 613
167 846
167 545
167 202
167 301
167 390
167 604
167 501
168 982
168 627
168 922
168 865
168 169
168 259
168 643
168 798
168 891
168 564
169 259
169 643
169 922
169 891
169 363
169 639
169 982
169 627
169 865
169 770
170 729
170 621
170 542
170 230
170 229
170 457
170 89
170 679
170 795
170 902
171 243
171 629
171 364
171 272
171 920
171 693
171 672
171 868
171 421
171 700
172 681
172 430
172 876
172 397
172 300
172 466
172 113
172 763
172 485
172 748
173 764
173 968
173 955
173 962
173 704
173 810
173 321
173 177
173 724
173 703
174 392
174 914
174 790
174 263
174 391
174 258
174 261
174 645
174 405
174 829
175 598
175 746
175 383
175 832
175 396
175 201
175 500
175 569
175 655
175 395
176 942
176 510
176 444
176 736
176 899
176 522
176 927
176 187
176 449
176 551
177 321
177 968
177 261
177 973
177 331
177 764
177 98
177 342
177 593
177 256
178 679
178 770
178 639
178 363
178 955
178 962
178 704
178 298
178 891
178 810
179 712
179 976
179 264
179 221
179 435
179 12
179 811
179 586
179 296
179 643
180 817
180 931
180 699
180 585
180 915
180 52
180 876
180 568
180 848
180 972
181 961
181 421
181 687
181 980
181 474
181 735
181 797
181 487
181 870
181 11
182 516
182 709
182 365
182 109
182 884
182 356
182 957
182 575
182 883
182 913
183 895
183 916
183 472
183 997
183 547
183 553
183 753
183 886
183 54
183 53
184 794
184 297
184 748
184 890
184 260
184 992
184 779
184 727
184 437
184 784
185 361
185 842
185 419
185 605
185 464
185 496
185 307
185 28
185 32
185 634
186 428
186 414
186 526
186 566
186 481
186 209
186 416
186 863
186 632
186 153
187 522
187 444
187 510
187 449
187 551
187 942
187 736
187 298
187 899
187 296
188 206
188 580
188 715
188 218
188 480
188 282
188 861
188 903
188 367
188 940
189 992
189 946
189 718
189 927
189 379
189 337
189 909
189 408
189 518
189 788
190 772
190 670
190 436
190 571
190 728
190 267
190 658
190 372
190 915
190 255
191 479
191 280
191 346
191 503
191 270
191 739
191 948
191 730
191 815
191 641
192 947
192 829
192 645
192 840
192 850
192 700
192 155
192 625
192 941
192 211
193 608
193 740
193 358
193 896
193 830
193 757
193 879
193 838
193 682
193 631
194 240
194 873
194 827
194 933
194 926
194 607
194 893
194 644
194 574
194 530
195 453
195 589
195 284
195 326
195 262
195 534
195 869
195 779
195 32
195 467
196 877
196 939
196 874
196 734
196 626
196 882
196 683
196 657
196 584
196 959
197 761
197 490
197 828
197 279
197 684
197 597
197 233
197 74
197 287
197 219
198 411
198 611
198 340
198 382
198 836
198 413
198 790
198 450
198 732
198 257
199 445
199 278
199 232
199 765
199 695
199 226
199 847
199 438
199 690
199 392
200 330
200 596
200 329
200 520
200 562
200 495
200 251
200 135
200 900
200 39
201 500
201 655
201 832
201 383
201 746
201 582
201 598
201 719
201 289
201 292
202 254
202 846
202 965
202 207
202 792
202 567
202 912
202 653
202 166
202 378
203 214
203 822
203 733
203 615
203 897
203 502
203 305
203 668
203 121
203 630
204 975
204 691
204 650
204 356
204 884
204 161
204 888
204 126
204 269
204 948
205 563
205 978
205 543
205 374
205 910
205 701
205 994
205 572
205 556
205 895
206 580
206 480
206 861
206 282
206 715
206 903
206 218
206 367
206 940
206 337
207 965
207 792
207 912
207 567
207 653
207 378
207 254
207 846
207 864
207 408
208 799
208 601
208 663
208 283
208 379
208 952
208 788
208 909
208 452
208 160
209 481
209 526
209 428
209 414
209 566
209 416
209 863
209 372
209 742
209 531
210 591
210 225
210 983
210 907
210 532
210 758
210 697
210 744
210 700
210 624
211 825
211 424
211 267
211 880
211 571
211 436
211 668
211 190
211 602
211 772
212 851
212 273
212 504
212 929
212 980
212 743
212 951
212 49
212 421
212 399
213 966
213 307
213 464
213 496
213 550
213 871
213 366
213 652
213 944
213 637
214 822
214 733
214 615
214 897
214 502
214 305
214 668
214 121
214 630
214 888
215 594
215 486
215 855
215 835
215 836
215 340
215 104
215 355
215 11
215 957
216 723
216 389
216 971
216 773
216 780
216 638
216 249
216 935
216 732
216 460
217 814
217 277
217 410
217 745
217 956
217 676
217 250
217 513
217 228
217 594
218 715
218 940
218 580
218 480
218 861
218 282
218 379
218 909
218 903
218 367
219 376
219 386
219 584
219 869
219 312
219 644
219 893
219 162
219 144
219 700
220 917
220 970
220 429
220 818
220 737
220 409
220 607
220 337
220 926
220 933
221 586
221 712
221 408
221 976
221 264
221 788
221 722
221 372
221 194
221 417
222 318
222 568
222 813
222 612
222 489
222 335
222 315
222 240
222 435
222 873
223 462
223 475
223 576
223 359
223 774
223 666
223 548
223 759
223 906
223 338
224 689
224 541
224 517
224 231
224 812
224 741
224 902
224 802
224 925
224 432
225 532
225 758
225 591
225 360
225 692
225 751
225 235
225 749
225 376
225 826
226 438
226 232
226 690
226 304
226 445
226 278
226 765
226 695
226 431
226 973
227 569
227 405
227 834
227 558
227 561
227 258
227 703
227 271
227 724
227 316
228 859
228 662
228 816
228 676
228 239
228 782
228 745
228 661
228 410
228 810
229 230
229 457
229 621
229 729
229 542
229 725
229 704
229 962
229 292
229 523
230 457
230 621
230 729
230 542
230 135
230 955
230 217
230 277
230 814
230 98
231 517
231 541
231 689
231 741
231 902
231 812
231 802
231 925
231 432
231 692
232 445
232 278
232 438
232 765
232 695
232 690
232 847
232 304
232 235
232 764
233 684
233 599
233 279
233 828
233 490
233 761
233 146
233 467
233 825
233 289
234 579
234 560
234 343
234 471
234 777
234 603
234 808
234 623
234 493
234 494
235 432
235 802
235 925
235 692
235 812
235 803
235 766
235 775
235 384
235 541
236 819
236 849
236 862
236 793
236 461
236 717
236 667
236 441
236 619
236 353
237 529
237 900
237 954
237 613
237 689
237 246
237 224
237 908
237 48
237 306
238 427
238 753
238 332
238 801
238 517
238 231
238 362
238 360
238 291
238 614
239 816
239 662
239 859
239 782
239 661
239 676
239 523
239 707
239 745
239 213
240 873
240 827
240 933
240 926
240 607
240 893
240 644
240 574
240 530
240 779
241 351
241 869
241 32
241 885
241 584
241 711
241 845
241 981
241 732
241 935
242 440
242 747
242 710
242 412
242 669
242 572
242 547
242 604
242 219
242 185
243 629
243 364
243 272
243 693
243 920
243 868
243 672
243 77
243 763
243 255
244 993
244 564
244 575
244 573
244 798
244 487
244 865
244 627
244 982
244 265
245 370
245 403
245 665
245 705
245 824
245 476
245 265
245 605
245 374
245 543
246 619
246 306
246 441
246 528
246 336
246 717
246 461
246 473
246 793
246 849
247 787
247 320
247 339
247 236
247 338
247 819
247 862
247 61
247 294
247 528
248 506
248 525
248 413
248 934
248 382
248 257
248 56
248 255
248 915
248 460
249 638
249 935
249 732
249 971
249 723
249 779
249 32
249 389
249 530
249 574
250 513
250 956
250 393
250 277
250 814
250 781
250 773
250 856
250 780
250 901
251 960
251 330
251 583
251 38
251 984
251 599
251 312
251 820
251 947
251 465
252 377
252 537
252 592
252 302
252 553
252 387
252 380
252 587
252 609
252 275
253 514
253 894
253 354
253 470
253 995
253 505
253 754
253 806
253 721
253 915
254 846
254 965
254 792
254 567
254 912
254 653
254 378
254 545
254 346
254 908
255 915
255 257
255 934
255 946
255 189
255 992
255 151
255 767
255 774
255 358
256 973
256 331
256 437
256 261
256 401
256 439
256 321
256 841
256 266
256 406
257 934
257 915
257 946
257 968
257 5
257 800
257 189
257 506
257 525
257 302
258 405
258 569
258 703
258 724
258 810
258 704
258 962
258 955
258 98
258 764
259 643
259 922
259 891
259 363
259 639
259 982
259 834
259 150
259 558
259 561
260 763
260 748
260 300
260 627
260 770
260 430
260 865
260 173
260 794
260 89
261 973
261 331
261 321
261 437
261 968
261 401
261 439
261 173
261 63
261 679
262 284
262 534
262 589
262 453
262 326
262 450
262 726
262 996
262 271
262 467
263 914
263 391
263 634
263 919
263 987
263 844
263 488
263 392
263 764
263 342
264 976
264 435
264 811
264 712
264 585
264 727
264 967
264 731
264 964
264 992
265 824
265 665
265 403
265 370
265 374
265 543
265 705
265 476
265 563
265 65
266 841
266 406
266 800
266 439
266 401
266 809
266 437
266 331
266 973
266 505
267 825
267 424
267 571
267 436
267 880
267 772
267 670
267 668
267 14
267 205
268 400
268 351
268 145
268 726
268 900
268 935
268 820
268 455
268 189
268 128
269 524
269 555
269 404
269 696
269 336
269 565
269 754
269 388
269 505
269 593
270 739
270 948
270 346
270 280
270 625
270 287
270 479
270 614
270 901
270 503
271 316
271 558
271 561
271 834
271 725
271 292
271 67
271 974
271 569
271 886
272 920
272 364
272 629
272 672
272 289
272 693
272 405
272 123
272 485
272 258
273 504
273 851
273 929
273 743
273 951
273 49
273 980
273 11
273 957
273 460
274 291
274 313
274 325
274 911
274 557
274 515
274 460
274 957
274 11
274 49
275 587
275 754
275 380
275 553
275 302
275 592
275 537
275 377
275 59
275 951
276 581
276 371
276 387
276 743
276 831
276 422
276 157
276 609
276 113
276 295
277 814
277 410
277 745
277 956
277 676
277 513
277 228
277 466
277 703
277 515
278 445
278 765
278 695
278 847
278 438
278 994
278 73
278 701
278 690
278 910
279 828
279 490
279 761
279 684
279 599
279 472
279 473
279 720
279 900
279 886
280 346
280 479
280 503
280 739
280 948
280 730
280 625
280 815
280 287
280 155
281 620
281 892
281 501
281 600
281 527
281 570
281 649
281 556
281 448
281 807
282 480
282 580
282 861
282 903
282 367
282 715
282 337
282 103
282 408
282 788
283 452
283 952
283 663
283 697
283 744
283 602
283 799
283 456
283 372
283 940
284 589
284 453
284 534
284 326
284 888
284 630
284 121
284 143
284 327
284 379
285 418
285 315
285 612
285 890
285 909
285 467
285 450
285 355
285 305
285 601
286 497
286 552
286 511
286 544
286 622
286 310
286 858
286 878
286 502
286 997
287 625
287 901
287 614
287 948
287 739
287 472
287 916
287 346
287 726
287 905
288 656
288 977
288 866
288 921
288 446
288 923
288 853
288 350
288 694
288 928
289 974
289 485
289 886
289 466
289 292
289 397
289 725
289 876
289 316
289 804
290 328
290 352
290 606
290 786
290 821
290 805
290 681
290 271
290 63
290 324
291 911
291 313
291 325
291 557
291 515
291 460
291 11
291 957
291 49
291 883
292 725
292 316
292 974
292 886
292 485
292 561
292 558
292 834
292 113
292 466
293 538
293 881
293 483
293 335
293 489
293 991
293 813
293 889
293 227
293 390
294 420
294 339
294 783
294 320
294 680
294 787
294 136
294 395
294 484
294 397
295 642
295 443
295 672
295 920
295 297
295 492
295 191
295 614
295 951
295 901
296 298
296 551
296 641
296 449
296 539
296 522
296 444
296 510
296 415
296 176
297 890
297 794
297 418
297 748
297 285
297 868
297 561
297 942
297 876
297 578
298 551
298 449
298 641
298 522
298 539
298 444
298 510
298 176
298 942
298 415
299 595
299 536
299 484
299 872
299 680
299 783
299 431
299 558
299 743
299 74
300 430
300 763
300 748
300 681
300 247
300 150
300 153
300 834
300 736
300 996
301 820
301 972
301 852
301 675
301 677
301 455
301 68
301 673
301 998
301 272
302 592
302 537
302 377
302 553
302 380
302 587
302 754
302 387
302 609
302 398
303 465
303 394
303 651
303 566
303 172
303 157
303 616
303 857
303 36
303 700
304 690
304 431
304 438
304 872
304 536
304 568
304 686
304 25
304 261
304 98
305 502
305 630
305 897
305 888
305 615
305 733
305 807
305 649
305 570
305 527
306 528
306 336
306 619
306 441
306 473
306 717
306 892
306 822
306 461
306 203
307 966
307 496
307 464
307 550
307 871
307 366
307 652
307 214
307 793
307 944
308 849
308 61
308 620
308 281
308 236
308 637
308 819
308 882
308 185
308 104
309 482
309 654
309 345
309 1000
309 365
309 507
309 499
309 18
309 862
309 519
310 544
310 511
310 497
310 878
310 552
310 622
310 905
310 858
310 447
310 279
311 789
311 369
311 785
311 314
311 756
311 769
311 509
311 898
311 936
311 540
312 386
312 376
312 399
312 755
312 584
312 624
312 843
312 381
312 368
312 869
313 325
313 557
313 515
313 460
313 911
313 11
313 957
313 49
313 951
313 743
314 769
314 756
314 509
314 898
314 540
314 369
314 755
314 368
314 789
314 323
315 612
315 418
315 659
315 157
315 785
315 318
315 323
315 929
315 84
315 77
316 725
316 561
316 558
316 834
316 974
316 886
316 485
316 113
316 466
316 569
317 937
317 442
317 674
317 447
317 738
317 905
317 405
317 644
317 659
317 936
318 568
318 813
318 612
318 489
318 335
318 890
318 893
318 162
318 74
318 1
319 578
319 533
319 804
319 434
319 546
319 590
319 350
319 610
319 921
319 8
320 339
320 787
320 420
320 866
320 656
320 243
320 84
320 790
320 479
320 319
321 968
321 973
321 764
321 331
321 955
321 962
321 704
321 810
321 52
321 437
322 640
322 344
322 491
322 870
322 856
322 781
322 454
322 635
322 288
322 643
323 659
323 368
323 755
323 540
323 898
323 509
323 769
323 756
323 369
323 928
324 492
324 425
324 498
324 943
324 990
324 752
324 786
324 606
324 694
324 352
325 557
325 515
325 460
325 911
325 957
325 951
325 743
325 157
325 853
325 789
326 453
326 589
326 467
326 534
326 923
326 311
326 328
326 290
326 929
326 599
327 883
327 456
327 602
327 744
327 697
327 415
327 452
327 952
327 283
327 131
328 352
328 606
328 786
328 821
328 805
328 539
328 324
328 492
328 663
328 84
329 596
329 520
329 562
329 495
329 330
329 633
329 77
329 459
329 854
329 25
330 596
330 520
330 562
330 495
330 960
330 355
330 410
330 906
330 809
330 888
331 973
331 437
331 401
331 439
331 968
331 841
331 779
331 420
331 737
331 893
332 753
332 427
332 341
332 125
332 375
332 640
332 742
332 597
332 986
332 543
333 610
333 875
333 590
333 688
333 546
333 706
333 628
333 434
333 533
333 760
334 565
334 795
334 907
334 958
334 477
334 983
334 793
334 899
334 13
334 455
335 489
335 813
335 881
335 538
335 568
335 483
335 996
335 750
335 302
335 132
336 528
336 473
336 619
336 441
336 717
336 461
336 882
336 793
336 849
336 236
337 408
337 788
337 372
337 367
337 903
337 861
337 355
337 480
337 580
337 124
338 908
338 384
338 775
338 206
338 494
338 188
338 857
338 671
338 664
338 623
339 787
339 715
339 218
339 420
339 343
339 940
339 162
339 32
339 997
339 386
340 836
340 411
340 594
340 611
340 105
340 56
340 447
340 197
340 25
340 331
341 375
341 535
341 953
341 904
341 776
341 831
341 173
341 182
341 94
341 629
342 593
342 784
342 927
342 422
342 899
342 736
342 942
342 176
342 510
342 444
343 579
343 560
343 623
343 494
343 471
343 777
343 603
343 808
343 775
343 384
344 491
344 640
344 856
344 781
344 493
344 908
344 766
344 393
344 870
344 522
345 507
345 482
345 499
345 654
345 2
345 636
345 581
345 1000
345 338
345 187
346 479
346 739
346 503
346 948
346 123
346 625
346 730
346 614
346 901
346 815
347 791
347 349
347 945
347 999
347 469
347 398
347 678
347 673
347 357
347 155
348 771
348 618
348 895
348 768
348 454
348 253
348 31
348 968
348 851
348 699
349 945
349 999
349 469
349 791
349 678
349 357
349 826
349 613
349 700
349 644
350 804
350 921
350 578
350 866
350 656
350 977
350 533
350 446
350 434
350 546
351 590
351 923
351 853
351 191
351 1
351 820
351 233
351 54
351 827
351 374
352 606
352 786
352 821
352 805
352 492
352 96
352 425
352 671
352 215
352 111
353 667
353 984
353 458
353 508
353 862
353 716
353 819
353 647
353 849
353 793
354 894
354 514
354 470
354 995
354 505
354 806
354 461
354 579
354 448
354 624
355 857
355 671
355 664
355 372
355 788
355 408
355 367
355 903
355 559
355 282
356 884
356 650
356 691
356 975
356 709
356 516
356 861
356 480
356 580
356 124
357 678
357 826
357 469
357 999
357 945
357 791
357 780
357 118
357 773
357 206
358 896
358 830
358 757
358 608
358 362
358 740
358 347
358 47
358 188
358 741
359 666
359 576
359 462
359 475
359 99
359 950
359 774
359 768
359 966
359 621
360 758
360 532
360 751
360 512
360 987
360 488
360 591
360 210
360 376
360 859
361 842
361 419
361 605
361 464
361 496
361 633
361 897
361 592
361 724
361 847
362 757
362 830
362 896
362 519
362 608
362 58
362 193
362 664
362 105
362 15
363 639
363 770
363 679
363 891
363 643
363 922
363 406
363 426
363 778
363 669
364 629
364 920
364 693
364 672
364 868
364 573
364 810
364 783
364 681
364 87
365 1000
365 654
365 482
365 516
365 709
365 13
365 410
365 371
365 514
365 512
366 652
366 871
366 550
366 944
366 637
366 966
366 906
366 496
366 464
366 823
367 903
367 480
367 861
367 580
367 408
367 788
367 372
367 715
367 940
367 857
368 540
368 755
368 659
368 898
368 509
368 769
368 756
368 369
368 789
368 311
369 756
369 789
369 769
369 509
369 898
369 540
369 755
369 785
369 659
369 936
370 403
370 705
370 665
370 476
370 824
370 928
370 605
370 379
370 694
370 671
371 831
371 776
371 904
371 953
371 535
371 664
371 909
371 843
371 375
371 374
372 788
372 408
372 857
372 671
372 664
372 903
372 282
372 861
372 480
372 580
373 648
373 617
373 918
373 989
373 124
373 206
373 188
373 646
373 715
373 218
374 543
374 563
374 824
374 978
374 665
374 62
374 403
374 583
374 370
374 910
375 535
375 953
375 904
375 776
375 831
375 381
375 853
375 66
375 923
375 701
376 386
376 584
376 869
376 644
376 893
376 162
376 144
376 607
376 926
376 933
377 537
377 592
377 553
377 380
377 587
377 754
377 387
377 609
377 721
377 194
378 653
378 912
378 567
378 792
378 864
378 965
378 531
378 545
378 846
378 399
379 909
379 940
379 700
379 715
379 722
379 188
379 206
379 124
379 580
379 480
380 587
380 553
380 592
380 754
380 537
380 387
380 861
380 282
380 903
380 609
381 843
381 936
381 924
381 785
381 521
381 311
381 789
381 707
381 36
381 132
382 413
382 525
382 506
382 611
382 411
382 367
382 369
382 749
382 73
382 240
383 746
383 832
383 598
383 500
383 655
383 396
383 341
383 721
383 421
383 784
384 775
384 494
384 908
384 623
384 579
384 234
384 560
384 471
384 603
384 777
385 588
385 742
385 979
385 708
385 863
385 416
385 407
385 30
385 808
385 335
386 584
386 869
386 644
386 893
386 162
386 144
386 607
386 926
386 933
386 399
387 609
387 721
387 537
387 592
387 553
387 587
387 275
387 698
387 762
387 754
388 913
388 969
388 848
388 463
388 932
388 867
388 986
388 433
388 636
388 2
389 723
389 773
389 971
389 780
389 638
389 826
389 935
389 559
389 732
389 134
390 395
390 889
390 991
390 720
390 796
390 483
390 577
390 985
390 833
390 887
391 634
391 914
391 919
391 64
391 987
391 488
391 512
391 137
391 538
391 468
392 790
392 645
392 829
392 947
392 914
392 192
392 881
392 714
392 988
392 194
393 781
393 856
393 513
393 956
393 491
393 624
393 141
393 988
393 521
393 650
394 651
394 465
394 477
394 958
394 795
394 552
394 969
394 533
394 873
394 981
395 889
395 720
395 991
395 796
395 577
395 483
395 985
395 140
395 833
395 293
396 598
396 632
396 746
396 887
396 832
396 137
396 468
396 538
396 714
396 954
397 876
397 681
397 466
397 485
397 886
397 974
397 67
397 135
397 292
397 430
398 673
398 455
398 677
398 675
398 972
398 820
398 725
398 301
398 791
398 881
399 624
399 601
399 208
399 376
399 799
399 635
399 424
399 868
399 333
399 319
400 806
400 51
400 605
400 946
400 994
400 759
400 950
400 669
400 629
400 304
401 439
401 437
401 841
401 406
401 800
401 973
401 809
401 199
401 610
401 724
402 478
402 719
402 582
402 930
402 549
402 963
402 994
402 724
402 312
402 144
403 665
403 824
403 705
403 476
403 543
403 227
403 67
403 221
403 12
403 592
404 696
404 555
404 524
404 850
404 840
404 297
404 260
404 463
404 811
404 361
405 569
405 703
405 724
405 810
405 704
405 962
405 834
405 558
405 955
405 561
406 800
406 841
406 809
406 439
406 437
406 98
406 764
406 63
406 271
406 505
407 708
407 588
407 979
407 805
407 173
407 821
407 33
407 256
407 316
407 995
408 788
408 903
408 861
408 480
408 580
408 124
408 857
408 671
408 664
408 206
409 737
409 417
409 429
409 970
409 917
409 188
409 715
409 818
409 218
409 713
410 745
410 814
410 676
410 859
410 662
410 956
410 816
410 239
410 470
410 331
411 611
411 836
411 413
411 594
411 250
411 513
411 940
411 307
411 384
411 108
412 710
412 440
412 747
412 669
412 572
412 547
412 604
412 678
412 485
412 859
413 525
413 506
413 611
413 934
413 596
413 218
413 110
413 890
413 420
413 338
414 428
414 566
414 526
414 481
414 130
414 34
414 416
414 863
414 234
414 316
415 539
415 883
415 641
415 456
415 602
415 744
415 697
415 258
415 605
415 563
416 863
416 742
416 481
416 526
416 428
416 566
416 974
416 972
416 927
416 796
417 737
417 713
417 429
417 970
417 685
417 917
417 220
417 328
417 96
417 797
418 890
418 612
418 794
418 972
418 725
418 960
418 724
418 630
418 171
418 77
419 605
419 842
419 476
419 66
419 705
419 753
419 880
419 456
419 870
419 896
420 783
420 680
420 484
420 595
420 299
420 149
420 919
420 736
420 525
420 725
421 980
421 961
421 687
421 60
421 851
421 474
421 147
421 273
421 651
421 123
422 784
422 581
422 593
422 927
422 899
422 736
422 35
422 49
422 43
422 290
423 451
423 459
423 633
423 495
423 96
423 967
423 349
423 164
423 41
423 17
424 825
424 880
424 668
424 571
424 436
424 190
424 772
424 817
424 882
424 397
425 498
425 943
425 492
425 990
425 752
425 854
425 786
425 606
425 57
425 316
426 941
426 658
426 635
426 518
426 454
426 870
426 718
426 40
426 151
426 419
427 753
427 370
427 841
427 235
427 163
427 734
427 929
427 787
427 670
427 199
428 566
428 526
428 481
428 34
428 863
428 742
428 73
428 354
428 31
428 775
429 970
429 917
429 737
429 818
429 476
429 363
429 168
429 662
429 459
429 563
430 763
430 681
430 153
430 876
430 748
430 971
430 506
430 386
430 240
430 722
431 872
431 536
431 690
431 438
431 595
431 7
431 864
431 605
431 894
431 268
432 925
432 802
432 692
432 812
432 803
432 541
432 689
432 517
432 801
432 31
433 986
433 867
433 636
433 932
433 463
433 913
433 848
433 969
433 499
433 507
434 546
434 590
434 610
434 533
434 578
434 804
434 652
434 559
434 315
434 139
435 811
435 976
435 585
435 727
435 712
435 967
435 731
435 964
435 221
435 972
436 571
436 772
436 670
436 825
436 728
436 880
436 800
436 742
436 425
436 328
437 439
437 973
437 841
437 800
437 809
437 177
437 255
437 40
437 425
437 290
438 690
438 445
438 765
438 695
438 845
438 624
438 562
438 896
438 945
438 525
439 841
439 800
439 973
439 809
439 626
439 457
439 537
439 616
439 951
439 662
440 747
440 710
440 669
440 572
440 547
440 604
440 847
440 819
440 759
440 949
441 717
441 619
441 461
441 793
441 849
441 528
441 819
441 862
441 473
441 667
442 937
442 674
442 738
442 447
442 702
442 857
442 121
442 103
442 414
442 303
443 642
443 672
443 873
443 446
443 880
443 244
443 168
443 735
443 322
443 119
444 510
444 522
444 942
444 736
444 899
444 927
444 449
444 551
444 593
444 641
445 765
445 695
445 847
445 690
445 994
445 73
445 701
445 910
445 331
445 5
446 977
446 923
446 853
446 656
446 694
446 928
446 866
446 921
446 659
446 804
447 905
447 674
447 878
447 937
447 544
447 511
447 6
447 497
447 323
447 973
448 556
448 501
448 600
448 620
448 892
448 527
448 570
448 649
448 807
448 888
449 551
449 522
449 510
449 641
449 942
449 736
449 899
449 927
449 539
449 630
450 726
450 996
450 844
450 778
450 534
450 284
450 589
450 195
450 686
450 453
451 459
451 633
451 495
451 121
451 329
451 251
451 837
451 729
451 107
451 29
452 952
452 697
452 744
452 602
452 663
452 456
452 799
452 883
452 601
452 701
453 589
453 534
453 467
453 726
453 418
453 184
453 491
453 506
453 171
453 84
454 635
454 870
454 640
454 128
454 941
454 344
454 599
454 412
454 120
454 597
455 675
455 677
455 673
455 972
455 820
455 852
455 112
455 83
455 979
455 601
456 602
456 744
456 697
456 883
456 952
456 663
456 82
456 799
456 539
456 208
457 621
457 729
457 542
457 202
457 844
457 809
457 639
457 492
457 156
457 3
458 984
458 508
458 716
458 647
458 667
458 862
458 854
458 819
458 399
458 82
459 633
459 495
459 562
459 520
459 70
459 596
459 38
459 361
459 213
459 828
460 957
460 515
460 951
460 557
460 743
460 929
460 504
460 43
460 911
460 147
461 793
461 717
461 849
461 819
461 862
461 619
461 667
461 528
461 353
461 212
462 475
462 576
462 774
462 666
462 548
462 759
462 473
462 851
462 950
462 993
463 848
463 932
463 913
463 867
463 969
463 986
463 636
463 118
463 548
463 569
464 496
464 966
464 550
464 871
464 652
464 944
464 842
464 637
464 901
464 713
465 651
465 477
465 958
465 88
465 795
465 891
465 972
465 632
465 537
465 876
466 485
466 886
466 974
466 876
466 681
466 135
466 725
466 271
466 63
466 568
467 599
467 589
467 284
467 684
467 534
467 399
467 219
467 498
467 393
467 322
468 887
468 714
468 833
468 767
468 985
468 577
468 796
468 720
468 395
468 390
469 999
469 945
469 678
469 791
469 826
469 889
469 811
469 632
469 842
469 600
470 995
470 505
470 894
470 514
470 809
470 5
470 800
470 406
470 703
470 588
471 808
471 777
471 603
471 493
471 560
471 766
471 579
471 623
471 699
471 494
472 916
472 901
472 614
472 625
472 35
472 948
472 775
472 384
472 739
472 270
473 528
473 882
473 619
473 939
473 717
473 115
473 877
473 196
473 461
473 895
474 735
474 797
474 687
474 961
474 981
474 845
474 711
474 885
474 164
474 37
475 774
475 576
475 548
475 666
475 759
475 545
475 324
475 57
475 824
475 827
476 705
476 665
476 605
476 824
476 842
476 361
476 1000
476 143
476 82
476 557
477 958
477 795
477 651
477 71
477 565
477 740
477 572
477 458
477 236
477 768
478 930
478 549
478 719
478 582
478 963
478 275
478 125
478 704
478 377
478 36
479 503
479 730
479 739
479 815
479 948
479 35
479 625
479 287
479 735
479 745
480 861
480 580
480 903
480 715
480 788
480 940
480 909
480 355
480 700
480 857
481 526
481 566
481 863
481 742
481 671
481 664
481 905
481 433
481 90
481 308
482 654
482 1000
482 507
482 499
482 178
482 715
482 911
482 235
482 22
482 348
483 991
483 889
483 538
483 881
483 720
483 796
483 577
483 985
483 489
483 183
484 680
484 783
484 595
484 536
484 872
484 97
484 12
484 614
484 262
484 74
485 886
485 974
485 876
485 725
485 681
485 271
485 63
485 561
485 558
485 150
486 855
486 835
486 594
486 836
486 102
486 834
486 204
486 152
486 720
486 784
487 573
487 575
487 815
487 730
487 993
487 564
487 123
487 798
487 503
487 395
488 987
488 512
488 919
488 751
488 634
488 758
488 532
488 914
488 72
488 428
489 813
489 568
489 881
489 538
489 303
489 285
489 942
489 899
489 660
489 513
490 828
490 761
490 684
490 597
490 599
490 665
490 97
490 23
490 968
490 776
491 856
491 781
491 640
491 513
491 250
491 870
491 266
491 261
491 818
491 461
492 498
492 943
492 990
492 752
492 786
492 606
492 290
492 854
492 57
492 48
493 808
493 777
493 766
493 603
493 560
493 579
493 699
493 343
493 623
493 494
494 775
494 623
494 908
494 579
494 560
494 777
494 603
494 30
494 808
494 817
495 562
495 520
495 596
495 633
495 775
495 879
495 743
495 907
495 599
495 280
496 966
496 550
496 871
496 652
496 944
496 842
496 637
496 1
496 807
496 901
497 544
497 511
497 552
497 622
497 878
497 858
497 905
497 997
497 671
497 677
498 990
498 943
498 752
498 854
498 786
498 606
498 352
498 973
498 569
498 501
499 507
499 636
499 986
499 867
499 932
499 419
499 245
499 996
499 955
499 301
500 655
500 832
500 746
500 582
500 598
500 719
500 76
500 259
500 178
500 515
501 556
501 600
501 620
501 892
501 527
501 570
501 649
501 807
501 888
501 630
502 897
502 630
502 888
502 615
502 733
502 807
502 822
502 649
502 570
502 527
503 730
503 815
503 214
503 892
503 739
503 948
503 620
503 281
503 121
503 35
504 851
504 929
504 743
504 951
504 11
504 957
504 515
504 980
504 557
504 487
505 995
505 894
505 514
505 809
505 69
505 800
505 51
505 841
505 305
505 625
506 525
506 934
506 611
506 411
506 198
506 219
506 122
506 523
506 730
506 868
507 636
507 986
507 867
507 618
507 477
507 303
507 995
507 401
507 177
507 783
508 716
508 647
508 984
508 667
508 854
508 862
508 493
508 384
508 664
508 545
509 769
509 756
509 898
509 540
509 755
509 789
509 659
509 785
509 936
509 599
510 522
510 942
510 736
510 899
510 927
510 551
510 593
510 641
510 784
510 717
511 544
511 552
511 878
511 622
511 858
511 905
511 997
511 65
511 62
511 377
512 987
512 751
512 919
512 634
512 758
512 532
512 263
512 132
512 703
512 447
513 956
513 814
513 781
513 856
513 410
513 91
513 745
513 127
513 587
513 178
514 894
514 995
514 806
514 31
514 809
514 169
514 460
514 19
514 842
514 658
515 557
515 957
515 951
515 743
515 929
515 911
515 19
515 273
515 147
515 250
516 709
516 884
516 109
516 650
516 691
516 975
516 91
516 616
516 675
516 519
517 689
517 541
517 741
517 902
517 812
517 802
517 925
517 692
517 235
517 184
518 658
518 718
518 941
518 992
518 86
518 946
518 80
518 876
518 711
518 977
519 21
519 757
519 830
519 308
519 896
519 358
519 924
519 394
519 3
519 597
520 562
520 596
520 633
520 726
520 390
520 72
520 512
520 225
520 766
520 946
521 707
521 924
521 523
521 661
521 843
521 782
521 936
521 785
521 239
521 557
522 942
522 736
522 899
522 551
522 927
522 342
522 593
522 641
522 939
522 830
523 661
523 707
523 782
523 816
523 662
523 859
523 924
523 228
523 676
523 381
524 555
524 696
524 846
524 934
524 928
524 809
524 403
524 65
524 966
524 872
525 934
525 611
525 411
525 198
525 439
525 177
525 327
525 82
525 496
525 104
526 566
526 863
526 742
526 910
526 531
526 435
526 13
526 551
526 681
526 486
527 570
527 649
527 892
527 807
527 620
527 888
527 630
527 600
527 556
527 897
528 619
528 717
528 882
528 793
528 615
528 849
528 733
528 236
528 819
528 340
529 900
529 613
529 954
529 998
529 304
529 299
529 57
529 48
529 693
529 722
530 574
530 779
530 732
530 827
530 935
530 873
530 933
530 926
530 607
530 144
531 864
531 545
531 759
531 653
531 548
531 912
531 567
531 792
531 207
531 965
532 758
532 591
532 751
532 638
532 774
532 893
532 162
532 644
532 987
532 869
533 578
533 546
533 590
533 610
533 804
533 921
533 8
533 866
533 99
533 560
534 589
534 726
534 996
534 844
534 778
534 807
534 562
534 816
534 358
534 18
535 953
535 904
535 776
535 831
535 568
535 885
535 515
535 212
535 249
535 122
536 872
536 595
536 136
536 680
536 783
536 690
536 196
536 120
536 759
536 932
537 592
537 553
537 587
537 754
537 609
537 721
537 36
537 132
537 694
537 547
538 881
538 813
538 991
538 889
538 568
538 390
538 395
538 939
538 793
538 445
539 641
539 883
539 551
539 327
539 143
539 304
539 797
539 294
539 108
539 562
540 898
540 755
540 769
540 756
540 659
540 789
540 928
540 785
540 694
540 827
541 689
541 812
541 741
541 902
541 802
541 925
541 692
541 905
541 499
541 463
542 621
542 729
542 902
542 741
542 710
542 578
542 158
542 31
542 139
542 16
543 563
543 824
543 978
543 665
543 62
543 370
543 910
543 701
543 73
543 994
544 878
544 552
544 622
544 905
544 858
544 561
544 997
544 117
544 41
544 699
545 759
545 864
545 548
545 774
545 166
545 653
545 912
545 99
545 567
545 792
546 590
546 610
546 578
546 804
546 207
546 475
546 965
546 462
546 875
546 401
547 604
547 572
547 669
547 747
547 839
547 710
547 138
547 616
547 26
547 321
548 759
548 774
548 160
548 864
548 576
548 106
548 359
548 489
548 141
548 741
549 930
549 963
549 719
549 303
549 186
549 754
549 843
549 850
549 857
549 149
550 871
550 652
550 966
550 944
550 637
550 906
550 66
550 823
550 92
550 582
551 641
551 942
551 736
551 899
551 927
551 415
551 762
551 864
551 699
551 681
552 622
552 858
552 878
552 997
552 616
552 905
552 138
552 624
552 836
552 799
553 592
553 587
553 754
553 609
553 36
553 132
553 721
553 599
553 958
553 664
554 860
554 801
554 597
554 803
554 382
554 340
554 908
554 837
554 998
554 766
555 696
555 850
555 405
555 292
555 157
555 43
555 725
555 816
555 557
555 881
556 600
556 620
556 892
556 570
556 649
556 807
556 888
556 630
556 121
556 853
557 957
557 951
557 743
557 911
557 929
557 19
557 84
557 77
557 273
557 787
558 834
558 561
558 725
558 569
558 135
558 258
558 67
558 703
558 724
558 974
559 664
559 671
559 857
559 886
559 969
559 289
559 388
559 485
559 810
559 848
560 579
560 777
560 603
560 808
560 623
560 766
560 775
560 908
560 699
560 913
561 834
561 725
561 569
561 258
561 67
561 703
561 724
561 974
561 886
561 289
562 596
562 633
562 485
562 372
562 810
562 85
562 788
562 704
562 338
562 451
563 978
563 910
563 701
563 994
563 824
563 665
563 62
563 403
563 704
563 423
564 993
564 798
564 575
564 573
564 865
564 627
564 982
564 113
564 464
564 104
565 907
565 983
565 795
565 210
565 958
565 885
565 600
565 457
565 254
565 441
566 130
566 34
566 863
566 61
566 847
566 581
566 646
566 700
566 796
566 631
567 792
567 912
567 653
567 965
567 864
567 846
567 616
567 872
567 223
567 949
568 813
568 612
568 881
568 137
568 293
568 140
568 16
568 504
568 421
568 927
569 703
569 724
569 810
569 834
569 704
569 962
569 955
569 63
569 98
569 764
570 649
570 892
570 807
570 620
570 888
570 630
570 600
570 897
570 615
570 733
571 772
571 670
571 825
571 173
571 316
571 880
571 728
571 725
571 292
571 135
572 604
572 669
572 747
572 839
572 710
572 138
572 26
572 862
572 439
572 321
573 575
573 993
573 798
573 155
573 815
573 89
573 730
573 865
573 450
573 326
574 779
574 827
574 732
574 873
574 935
574 933
574 926
574 607
574 144
574 893
575 993
575 798
575 162
575 644
575 638
575 155
575 89
575 865
575 815
575 869
576 666
576 774
576 950
576 759
576 627
576 768
576 730
576 991
576 708
576 476
577 796
577 985
577 720
577 833
577 889
577 887
577 714
577 991
577 141
577 767
578 804
578 590
578 610
578 921
578 8
578 866
578 656
578 288
578 977
578 333
579 603
579 623
579 777
579 808
579 775
579 766
579 908
579 338
579 699
579 185
580 861
580 903
580 715
580 940
580 788
580 909
580 355
580 700
580 857
580 671
581 784
581 593
581 342
581 664
581 371
581 654
581 397
581 300
581 316
581 153
582 719
582 655
582 930
582 549
582 692
582 595
582 705
582 962
582 452
582 415
583 989
583 960
583 373
583 648
583 617
583 918
583 671
583 855
583 931
583 616
584 869
584 893
584 644
584 144
584 607
584 926
584 933
584 194
584 240
584 873
585 727
585 967
585 731
585 964
585 811
585 976
585 827
585 50
585 122
585 712
586 931
586 712
586 979
586 558
586 113
586 502
586 501
586 691
586 851
586 520
587 754
587 592
587 59
587 609
587 125
587 85
587 470
587 266
587 816
587 19
588 979
588 708
588 742
588 863
588 416
588 11
588 641
588 616
588 817
588 506
589 74
589 726
589 996
589 599
589 255
589 260
589 172
589 705
589 904
589 957
590 610
590 804
590 350
590 875
590 548
590 378
590 357
590 112
590 44
590 13
591 758
591 983
591 907
591 968
591 635
591 705
591 256
591 173
591 286
591 138
592 754
592 609
592 721
592 36
592 132
592 405
592 135
592 433
592 345
592 107
593 784
593 927
593 899
593 736
593 942
593 176
593 187
593 81
593 914
593 836
594 836
594 855
594 835
594 198
594 720
594 950
594 443
594 423
594 715
594 932
595 872
595 680
595 783
595 304
595 542
595 231
595 525
595 255
595 607
595 640
596 633
596 251
596 943
596 257
596 151
596 940
596 364
596 77
596 698
596 210
597 761
597 860
597 828
597 279
597 22
597 163
597 71
597 604
597 565
597 24
598 746
598 832
598 632
598 655
598 862
598 227
598 173
598 588
598 34
598 451
599 684
599 828
599 55
599 761
599 453
599 195
599 146
599 197
599 443
599 731
600 620
600 892
600 649
600 807
600 888
600 630
600 121
600 305
600 502
600 718
601 799
601 624
601 663
601 131
601 283
601 952
601 50
601 674
601 656
601 806
602 697
602 744
602 952
602 883
602 663
602 82
602 799
602 208
602 847
602 671
603 808
603 777
603 766
603 699
603 623
603 775
603 536
603 92
603 785
603 767
604 669
604 747
604 839
604 138
604 710
604 616
604 26
604 611
604 556
604 305
605 842
605 705
605 66
605 403
605 62
605 665
605 611
605 365
605 152
605 698
606 786
606 821
606 805
606 943
606 990
606 778
606 268
606 241
606 923
606 287
607 926
607 933
607 644
607 893
607 873
607 827
607 869
607 219
607 32
607 779
608 740
608 896
608 830
608 757
608 879
608 838
608 682
608 631
608 749
608 312
609 721
609 142
609 698
609 762
609 988
609 275
609 754
609 183
609 615
609 822
610 804
610 875
610 350
610 688
610 706
610 628
610 97
610 4
610 971
610 980
611 836
611 248
611 594
611 591
611 565
611 778
611 150
611 113
611 799
611 983
612 813
612 921
612 702
612 627
612 466
612 430
612 524
612 204
612 908
612 503
613 900
613 998
613 83
613 852
613 287
613 833
613 834
613 822
613 962
613 664
614 901
614 625
614 948
614 739
614 916
614 280
614 191
614 183
614 479
614 906
615 733
615 897
615 822
615 121
615 630
615 888
615 807
615 649
615 527
615 892
616 997
616 839
616 858
616 622
616 53
616 286
616 668
616 127
616 497
616 6
617 918
617 648
617 646
617 989
617 620
617 511
617 572
617 281
617 674
617 379
618 771
618 768
618 950
618 666
618 359
618 337
618 435
618 97
618 952
618 844
619 717
619 793
619 849
619 819
619 862
619 61
619 882
619 667
619 640
619 539
620 892
620 649
620 807
620 888
620 630
620 121
620 305
620 502
620 897
620 615
621 729
621 902
621 101
621 741
621 187
621 817
621 707
621 997
621 517
621 857
622 858
622 997
622 878
622 138
622 839
622 561
622 466
622 843
622 349
622 76
623 775
623 908
623 777
623 30
623 808
623 766
623 464
623 419
623 818
623 809
624 208
624 799
624 82
624 386
624 376
624 219
624 819
624 875
624 655
624 632
625 901
625 948
625 739
625 916
625 191
625 503
625 968
625 310
625 81
625 938
626 734
626 683
626 657
626 874
626 959
626 877
626 939
626 882
626 61
626 564
627 865
627 982
627 922
627 798
627 259
627 993
627 643
627 891
627 575
627 573
628 706
628 688
628 875
628 760
628 750
628 1
628 449
628 415
628 720
628 467
629 693
629 920
629 868
629 672
629 77
629 84
629 279
629 85
629 70
629 392
630 888
630 807
630 649
630 892
630 897
630 733
630 281
630 822
630 448
630 103
631 749
631 682
631 838
631 879
631 722
631 740
631 700
631 909
631 379
631 391
632 954
632 175
632 237
632 10
632 529
632 806
632 376
632 122
632 733
632 494
633 70
633 38
633 108
633 803
633 753
633 742
633 794
633 911
633 922
633 697
634 919
634 914
634 987
634 751
634 174
634 64
634 635
634 432
634 163
634 692
635 870
635 640
635 128
635 941
635 344
635 658
635 518
635 45
635 983
635 762
636 986
636 867
636 932
636 913
636 848
636 969
636 385
636 209
636 803
636 538
637 906
637 944
637 652
637 871
637 823
637 660
637 938
637 966
637 307
637 988
638 971
638 935
638 723
638 732
638 773
638 779
638 32
638 780
638 530
638 574
639 770
639 679
639 891
639 643
639 922
639 168
639 222
639 877
639 559
639 408
640 870
640 856
640 781
640 93
640 119
640 393
640 839
640 389
640 357
640 929
641 187
641 883
641 176
641 602
641 498
641 328
641 722
641 928
641 694
641 824
642 672
642 455
642 347
642 364
642 84
642 973
642 905
642 732
642 962
642 688
643 891
643 922
643 770
643 679
643 982
643 178
643 865
643 89
643 450
643 102
644 893
644 926
644 869
644 933
644 873
644 827
644 122
644 574
644 530
644 312
645 829
645 947
645 790
645 64
645 779
645 32
645 840
645 934
645 851
645 533
646 918
646 648
646 728
646 14
646 288
646 465
646 3
646 889
646 706
646 474
647 716
647 984
647 854
647 667
647 752
647 95
647 925
647 447
647 286
647 703
648 918
648 989
648 847
648 908
648 498
648 290
648 906
648 928
648 835
648 953
649 892
649 807
649 888
649 897
649 733
649 822
649 975
649 682
649 993
649 558
650 691
650 975
650 884
650 709
650 182
650 466
650 488
650 225
650 221
650 87
651 958
651 795
651 3
651 142
651 36
651 992
651 568
651 315
651 254
651 160
652 944
652 871
652 906
652 966
652 823
652 660
652 66
652 938
652 211
652 14
653 912
653 792
653 965
653 864
653 846
653 759
653 815
653 909
653 762
653 849
654 1000
654 507
654 453
654 25
654 642
654 423
654 794
654 346
654 1
654 628
655 832
655 746
655 719
655 402
655 590
655 857
655 555
655 204
655 784
655 484
656 866
656 977
656 921
656 923
656 853
656 694
656 928
656 804
656 319
656 533
657 683
657 959
657 734
657 874
657 877
657 939
657 882
657 431
657 847
657 518
658 941
658 718
658 992
658 189
658 454
658 946
658 751
658 881
658 683
658 991
659 755
659 898
659 769
659 756
659 314
659 928
659 694
659 853
659 923
659 789
660 823
660 938
660 988
660 762
660 698
660 906
660 944
660 721
660 311
660 366
661 782
661 707
661 816
661 662
661 859
661 676
661 924
661 977
661 871
661 978
662 816
662 859
662 676
662 782
662 745
662 707
662 217
662 277
662 814
662 644
663 799
663 952
663 697
663 744
663 143
663 327
663 883
663 50
663 641
663 642
664 671
664 857
664 788
664 337
664 367
664 903
664 282
664 861
664 480
664 580
665 824
665 705
665 65
665 124
665 90
665 206
665 451
665 577
665 140
665 746
666 950
666 99
666 768
666 774
666 771
666 843
666 722
666 936
666 482
666 134
667 862
667 819
667 849
667 984
667 793
667 717
667 716
667 649
667 203
667 982
668 880
668 825
668 822
668 733
668 615
668 897
668 955
668 971
668 751
668 802
669 747
669 839
669 710
669 26
669 138
669 304
669 278
669 496
669 419
669 733
670 772
670 728
670 211
670 825
670 982
670 759
670 817
670 222
670 137
670 381
671 857
671 788
671 337
671 367
671 903
671 282
671 861
671 480
671 124
671 90
672 920
672 206
672 314
672 13
672 12
672 670
672 424
672 244
672 155
672 965
673 677
673 675
673 972
673 820
673 791
673 968
673 431
673 232
673 355
673 218
674 937
674 905
674 878
674 107
674 310
674 945
674 721
674 764
674 827
674 556
675 677
675 972
675 820
675 852
675 112
675 502
675 796
675 841
675 751
675 744
676 859
676 816
676 745
676 782
676 814
676 885
676 520
676 451
676 142
676 132
677 972
677 820
677 852
677 83
677 112
677 384
677 247
677 358
677 148
677 757
678 999
678 826
678 945
678 791
678 780
678 112
678 773
678 76
678 153
678 80
679 770
679 891
679 259
679 169
679 922
679 955
679 942
679 504
679 325
679 665
680 783
680 872
680 205
680 987
680 454
680 91
680 490
680 74
680 520
680 423
681 876
681 289
681 886
681 974
681 67
681 80
681 135
681 292
681 763
681 120
682 838
682 749
682 879
682 722
682 740
682 700
682 909
682 379
682 115
682 380
683 734
683 959
683 874
683 877
683 939
683 882
683 61
683 125
683 430
683 113
684 828
684 761
684 54
684 466
684 150
684 704
684 916
684 926
684 711
684 832
685 837
685 949
685 702
685 713
685 738
685 212
685 181
685 570
685 203
685 990
686 778
686 844
686 996
686 726
686 165
686 835
686 855
686 454
686 45
686 834
687 961
687 735
687 797
687 981
687 845
687 711
687 885
687 980
687 504
687 313
688 706
688 875
688 760
688 750
688 590
688 338
688 320
688 964
688 997
688 726
689 812
689 741
689 902
689 802
689 925
689 692
689 235
689 803
689 771
689 790
690 872
690 765
690 695
690 669
690 616
690 386
690 122
690 868
690 979
690 844
691 975
691 884
691 709
691 182
691 446
691 368
691 920
691 443
691 85
691 708
692 925
692 802
692 812
692 803
692 224
692 801
692 163
692 741
692 22
692 674
693 868
693 920
693 911
693 43
693 544
693 934
693 588
693 130
693 874
693 432
694 928
694 923
694 853
694 977
694 866
694 8
694 323
694 921
694 368
694 755
695 765
695 847
695 994
695 701
695 910
695 7
695 540
695 978
695 898
695 350
696 850
696 840
696 690
696 509
696 22
696 893
696 400
696 69
696 527
696 203
697 744
697 952
697 883
697 799
697 208
697 601
697 852
697 448
697 305
697 769
698 762
698 988
698 938
698 721
698 823
698 906
698 59
698 104
698 162
698 50
699 766
699 817
699 808
699 30
699 777
699 234
699 44
699 343
699 931
699 846
700 909
700 722
700 940
700 218
700 715
700 749
700 188
700 206
700 124
700 838
701 910
701 994
701 978
701 847
701 765
701 480
701 861
701 282
701 374
701 148
702 837
702 949
702 738
702 713
702 199
702 903
702 879
702 367
702 937
702 417
703 724
703 810
703 704
703 962
703 955
703 764
703 834
703 150
703 968
703 63
704 810
704 955
704 962
704 764
704 724
704 968
704 227
704 177
704 271
704 834
705 824
705 321
705 150
705 558
705 842
705 177
705 561
705 374
705 361
705 543
706 875
706 760
706 750
706 590
706 316
706 261
706 868
706 838
706 195
706 25
707 924
707 782
707 843
707 816
707 936
707 859
707 228
707 785
707 982
707 654
708 979
708 742
708 863
708 416
708 34
708 182
708 849
708 364
708 295
708 662
709 884
709 975
709 521
709 649
709 214
709 775
709 698
709 637
709 999
709 332
710 747
710 120
710 132
710 331
710 98
710 836
710 975
710 544
710 81
710 989
711 981
711 885
711 845
711 797
711 735
711 60
711 961
711 79
711 181
711 145
712 976
712 811
712 727
712 28
712 967
712 731
712 964
712 205
712 62
712 990
713 949
713 837
713 738
713 737
713 107
713 700
713 47
713 756
713 925
713 507
714 887
714 833
714 767
714 985
714 796
714 720
714 395
714 390
714 889
714 463
715 940
715 861
715 903
715 909
715 337
715 408
715 788
715 372
715 722
715 110
716 984
716 854
716 355
716 752
716 246
716 671
716 188
716 796
716 534
716 74
717 793
717 849
717 819
717 862
717 353
717 744
717 559
717 463
717 756
717 321
718 992
718 941
718 946
718 86
718 915
718 258
718 908
718 840
718 610
718 4
719 930
719 275
719 238
719 717
719 48
719 956
719 974
719 535
719 276
719 641
720 796
720 985
720 889
720 991
720 833
720 887
720 72
720 140
720 293
720 137
721 762
721 988
721 59
721 252
721 938
721 142
721 302
721 823
721 538
721 767
722 909
722 749
722 940
722 838
722 879
722 218
722 47
722 188
722 206
722 124
723 971
723 773
723 780
723 935
723 732
723 826
723 580
723 380
723 881
723 143
724 810
724 962
724 955
724 764
724 834
724 150
724 968
724 321
724 63
724 271
725 974
725 834
725 886
725 113
725 227
725 397
725 569
725 876
725 405
725 177
726 996
726 844
726 778
726 284
726 195
726 153
726 102
726 258
726 326
726 407
727 967
727 731
727 964
727 811
727 976
727 179
727 290
727 408
727 379
727 818
728 772
728 725
728 681
728 365
728 345
728 618
728 106
728 542
728 101
728 181
729 902
729 741
729 101
729 147
729 344
729 86
729 991
729 407
729 328
729 529
730 815
730 270
730 739
730 575
730 167
730 570
730 214
730 769
730 292
730 258
731 967
731 964
731 811
731 12
731 976
731 179
731 902
731 722
731 480
731 318
732 935
732 779
732 971
732 122
732 827
732 873
732 240
732 194
732 933
732 926
733 897
733 822
733 121
733 888
733 807
733 527
733 892
733 620
733 607
733 281
734 874
734 959
734 877
734 939
734 882
734 61
734 285
734 403
734 205
734 664
735 797
735 981
735 845
735 885
735 961
735 95
735 241
735 421
735 188
735 803
736 899
736 942
736 927
736 784
736 298
736 296
736 625
736 183
736 915
736 921
737 970
737 917
737 818
737 29
737 892
737 309
737 134
737 955
737 876
737 711
738 837
738 949
738 937
738 351
738 336
738 115
738 584
738 574
738 599
738 284
739 948
739 901
739 123
739 916
739 815
739 872
739 340
739 78
739 915
739 527
740 879
740 896
740 830
740 838
740 757
740 749
740 362
740 214
740 802
740 635
741 902
741 812
741 170
741 802
741 925
741 432
741 91
741 578
741 446
741 451
742 863
742 20
742 979
742 186
742 414
742 566
742 70
742 476
742 374
742 666
743 951
743 929
743 957
743 851
743 274
743 291
743 43
743 911
743 159
743 100
744 952
744 883
744 799
744 208
744 601
744 539
744 21
744 844
744 869
744 423
745 814
745 859
745 816
745 956
745 250
745 782
745 70
745 138
745 127
745 332
746 832
746 632
746 36
746 538
746 318
746 705
746 185
746 686
746 486
746 780
747 839
747 798
747 160
747 99
747 257
747 40
747 554
747 54
747 559
747 337
748 794
748 763
748 139
748 890
748 548
748 166
748 779
748 491
748 454
748 239
749 838
749 879
749 193
749 909
749 379
749 940
749 217
749 833
749 413
749 257
750 760
750 875
750 333
750 633
750 200
750 208
750 143
750 301
750 164
750 431
751 987
751 758
751 919
751 591
751 391
751 24
751 136
751 426
751 189
751 487
752 990
752 943
752 854
752 786
752 479
752 935
752 606
752 944
752 773
752 918
753 125
753 132
753 36
753 341
753 375
753 260
753 139
753 986
753 602
753 601
754 142
754 252
754 59
754 125
754 238
754 216
754 32
754 197
754 129
754 406
755 898
755 769
755 756
755 789
755 311
755 928
755 785
755 853
755 923
755 936
756 769
756 898
756 789
756 785
756 936
756 843
756 928
756 381
756 694
756 261
757 830
757 896
757 47
757 861
757 528
757 115
757 920
757 164
757 154
757 991
758 987
758 919
758 515
758 84
758 859
758 907
758 779
758 372
758 118
758 543
759 774
759 864
759 378
759 106
759 166
759 359
759 476
759 694
759 314
759 798
760 875
760 587
760 238
760 188
760 110
760 697
760 539
760 563
760 245
760 546
761 828
761 673
761 83
761 997
761 811
761 172
761 67
761 268
761 95
761 723
762 988
762 938
762 823
762 906
762 104
762 59
762 637
762 32
762 508
762 236
763 184
763 794
763 353
763 57
763 724
763 316
763 933
763 258
763 177
763 334
764 955
764 962
764 810
764 968
764 405
764 227
764 261
764 973
764 331
764 17
765 847
765 994
765 910
765 7
765 978
765 738
765 81
765 529
765 68
765 566
766 808
766 777
766 234
766 343
766 817
766 180
766 494
766 465
766 741
766 780
767 887
767 833
767 818
767 985
767 220
767 917
767 970
767 796
767 429
767 720
768 771
768 950
768 106
768 850
768 663
768 624
768 680
768 339
768 909
768 887
769 898
769 789
769 785
769 936
769 928
769 843
769 694
769 381
769 258
769 135
770 891
770 259
770 922
770 516
770 94
770 854
770 47
770 21
770 840
770 252
771 950
771 895
771 359
771 36
771 892
771 660
771 550
771 625
771 123
771 251
772 825
772 70
772 844
772 738
772 674
772 229
772 202
772 810
772 706
772 546
773 780
773 971
773 826
773 249
773 935
773 732
773 982
773 469
773 164
773 285
774 531
774 160
774 864
774 184
774 943
774 919
774 614
774 503
774 818
774 146
775 908
775 234
775 471
775 777
775 30
775 808
775 108
775 493
775 247
775 129
776 953
776 904
776 831
776 276
776 828
776 277
776 239
776 642
776 85
776 782
777 808
777 817
777 908
777 207
777 101
777 709
777 204
777 994
777 862
777 691
778 844
778 996
778 262
778 111
778 284
778 269
778 557
778 147
778 589
778 963
779 935
779 827
779 873
779 194
779 933
779 926
779 144
779 893
779 162
779 644
780 971
780 826
780 249
780 869
780 469
780 154
780 839
780 318
780 137
780 873
781 856
781 956
781 912
781 654
781 499
781 919
781 810
781 158
781 5
781 628
782 816
782 859
782 924
782 410
782 546
782 985
782 867
782 502
782 448
782 397
783 339
783 320
783 872
783 271
783 300
783 184
783 616
783 544
783 693
783 672
784 927
784 899
784 942
784 176
784 276
784 444
784 522
784 877
784 775
784 766
785 936
785 843
785 789
785 924
785 314
785 898
785 368
785 589
785 25
785 901
786 821
786 805
786 943
786 990
786 666
786 548
786 529
786 133
786 536
786 420
787 338
787 420
787 92
787 908
787 722
787 282
787 956
787 880
787 509
787 381
788 903
788 857
788 861
788 124
788 206
788 188
788 218
788 559
788 940
788 896
789 898
789 936
789 843
789 323
789 924
789 315
789 297
789 870
789 632
789 383
790 829
790 947
790 914
790 192
790 263
790 391
790 685
790 409
790 810
790 659
791 945
791 999
791 76
791 826
791 288
791 202
791 160
791 814
791 529
791 114
792 912
792 965
792 864
792 846
792 397
792 63
792 303
792 88
792 977
792 800
793 849
793 819
793 862
793 306
793 48
793 473
793 984
793 883
793 638
793 122
794 890
794 285
794 80
794 144
794 50
794 909
794 243
794 19
794 845
794 327
795 958
795 156
795 208
795 305
795 103
795 584
795 530
795 960
795 999
795 293
796 985
796 889
796 991
796 833
796 887
796 72
796 140
796 293
796 137
796 538
797 981
797 845
797 885
797 961
797 95
797 241
797 421
797 222
797 635
797 491
798 993
798 865
798 982
798 922
798 169
798 259
798 821
798 902
798 252
798 132
799 952
799 143
799 327
799 249
799 240
799 699
799 87
799 907
799 801
799 938
800 841
800 809
800 52
800 256
800 995
800 331
800 973
800 158
800 881
800 481
801 860
801 803
801 235
801 925
801 802
801 597
801 385
801 515
801 77
801 618
802 925
802 812
802 803
802 163
802 902
802 22
802 576
802 531
802 475
802 74
803 925
803 860
803 812
803 541
803 129
803 224
803 55
803 474
803 241
803 770
804 921
804 866
804 288
804 977
804 923
804 853
804 168
804 766
804 384
804 825
805 821
805 976
805 877
805 418
805 42
805 535
805 39
805 232
805 73
805 693
806 894
806 158
806 470
806 9
806 995
806 291
806 661
806 381
806 880
806 459
807 892
807 888
807 897
807 103
807 822
807 203
807 214
807 200
807 557
807 212
808 384
808 817
808 908
808 935
808 939
808 838
808 670
808 646
808 821
808 740
809 841
809 995
809 52
809 158
809 894
809 354
809 253
809 256
809 110
809 261
810 962
810 955
810 968
810 227
810 177
810 834
810 150
810 558
810 561
810 63
811 976
811 967
811 964
811 97
811 221
811 13
811 271
811 261
811 709
811 94
812 925
812 902
812 948
812 895
812 813
812 725
812 703
812 261
812 5
812 757
813 881
813 137
813 140
813 483
813 100
813 441
813 353
813 500
813 402
813 510
814 956
814 228
814 859
814 816
814 239
814 422
814 520
814 251
814 493
814 180
815 270
815 788
815 118
815 264
815 97
815 424
815 214
815 563
815 370
815 419
816 859
816 217
816 277
816 521
816 403
816 215
816 198
816 943
816 698
816 252
817 931
817 493
817 116
817 30
817 603
817 471
817 997
817 723
817 357
817 814
818 917
818 970
818 72
818 417
818 714
818 468
818 393
818 984
818 677
818 347
819 862
819 849
819 246
819 306
819 984
819 336
819 508
819 708
819 130
819 853
820 972
820 852
820 76
820 114
820 164
820 133
820 68
820 167
820 998
820 640
821 324
821 492
821 426
821 209
821 33
821 411
821 215
821 326
821 233
821 834
822 897
822 305
822 121
822 888
822 880
822 570
822 527
822 892
822 657
822 61
823 938
823 906
823 988
823 944
823 871
823 497
823 138
823 587
823 659
823 656
824 65
824 205
824 605
824 628
824 97
824 988
824 701
824 232
824 420
824 247
825 880
825 190
825 14
825 627
825 363
825 516
825 204
825 759
825 567
825 285
826 999
826 37
826 945
826 216
826 971
826 222
826 379
826 148
826 393
826 277
827 873
827 933
827 926
827 144
827 893
827 162
827 869
827 584
827 935
827 219
828 74
828 376
828 386
828 249
828 467
828 605
828 265
828 718
828 255
828 938
829 947
829 64
829 840
829 850
829 1000
829 553
829 125
829 826
829 347
829 860
830 896
830 18
830 47
830 879
830 663
830 399
830 977
830 886
830 907
830 150
831 904
831 953
831 98
831 870
831 795
831 303
831 946
831 513
831 344
831 761
832 582
832 74
832 577
832 293
832 339
832 338
832 678
832 389
832 793
832 458
833 887
833 985
833 889
833 991
833 141
833 483
833 539
833 522
833 397
833 80
834 135
834 258
834 67
834 974
834 886
834 289
834 485
834 962
834 113
834 955
835 855
835 836
835 340
835 466
835 98
835 921
835 58
835 21
835 419
835 62
836 855
836 165
836 105
836 56
836 981
836 357
836 216
836 732
836 144
836 610
837 949
837 417
837 442
837 937
837 23
837 569
837 67
837 317
837 706
837 97
838 879
838 909
838 379
838 358
838 814
838 119
838 444
838 422
838 424
838 203
839 997
839 858
839 53
839 552
839 695
839 205
839 595
839 294
839 675
839 347
840 850
840 947
840 555
840 524
840 289
840 227
840 402
840 201
840 834
840 764
841 973
841 261
841 995
841 470
841 688
841 97
841 230
841 202
841 277
841 119
842 307
842 213
842 966
842 601
842 312
842 762
842 252
842 778
842 195
842 913
843 936
843 924
843 311
843 369
843 314
843 523
843 509
843 898
843 839
843 440
844 996
844 262
844 284
844 589
844 195
844 453
844 111
844 845
844 990
844 64
845 981
845 885
845 60
845 961
845 181
845 145
845 351
845 27
845 831
845 581
846 965
846 912
846 166
846 864
846 457
846 160
846 344
846 250
846 785
846 323
847 994
847 910
847 978
847 205
847 226
847 65
847 7
847 438
847 563
847 616
848 913
848 969
848 932
848 867
848 986
848 2
848 134
848 310
848 629
848 19
849 862
849 306
849 48
849 984
849 458
849 473
849 682
849 358
849 764
849 150
850 947
850 524
850 645
850 552
850 447
850 978
850 653
850 548
850 566
850 394
851 929
851 980
851 157
851 951
851 49
851 957
851 11
851 460
851 181
851 515
852 972
852 998
852 673
852 805
852 708
852 415
852 283
852 728
852 617
852 393
853 923
853 928
853 977
853 866
853 921
853 323
853 368
853 350
853 540
853 898
854 990
854 943
854 324
854 984
854 48
854 509
854 217
854 558
854 98
854 959
855 340
855 950
855 472
855 346
855 406
855 158
855 54
855 25
855 206
855 110
856 956
856 870
856 846
856 229
856 639
856 627
856 665
856 419
856 245
856 65
857 337
857 903
857 282
857 861
857 124
857 206
857 90
857 188
857 446
857 319
858 997
858 6
858 878
858 804
858 694
858 174
858 27
858 398
858 349
858 612
859 217
859 277
859 521
859 489
859 788
859 379
859 931
859 231
859 170
859 848
860 235
860 499
860 468
860 141
860 449
860 342
860 688
860 434
860 531
860 254
861 903
861 940
861 379
861 909
861 355
861 700
861 722
861 717
861 61
861 721
862 984
862 246
862 306
862 528
862 336
862 716
862 275
862 132
862 39
862 981
863 20
863 979
863 953
863 270
863 155
863 879
863 396
863 201
863 729
863 231
864 912
864 965
864 254
864 202
864 706
864 434
864 882
864 993
864 593
864 449
865 982
865 922
865 259
865 993
865 891
865 295
865 171
865 887
865 792
865 101
866 921
866 977
866 923
866 928
866 319
866 704
866 63
866 586
866 264
866 590
867 932
867 986
867 913
867 969
867 118
867 4
867 704
867 271
867 978
867 299
868 911
868 291
868 274
868 272
868 313
868 325
868 920
868 294
868 221
868 44
869 893
869 926
869 933
869 194
869 240
869 873
869 122
869 50
869 574
869 530
870 128
870 91
870 941
870 779
870 32
870 658
870 781
870 502
870 103
870 792
871 944
871 966
871 906
871 66
871 660
871 759
871 853
871 769
871 897
871 405
872 136
872 438
872 7
872 226
872 321
872 681
872 316
872 684
872 597
872 990
873 933
873 926
873 893
873 935
873 219
873 376
873 386
873 249
873 241
873 9
874 877
874 939
874 959
874 882
874 61
874 473
874 752
874 508
874 287
874 123
875 434
875 249
875 194
875 728
875 648
875 996
875 482
875 2
875 889
875 990
876 886
876 974
876 67
876 135
876 292
876 300
876 316
876 80
876 887
876 623
877 939
877 882
877 959
877 120
877 336
877 528
877 108
877 217
877 119
877 334
878 905
878 81
878 117
878 876
878 271
878 473
878 236
878 815
878 244
878 890
879 110
879 358
879 700
879 896
879 757
879 651
879 41
879 764
879 558
879 860
880 214
880 203
880 190
880 772
880 54
880 765
880 205
880 526
880 385
880 628
881 991
881 889
881 390
881 395
881 222
881 318
881 720
881 796
881 434
881 908
882 939
882 306
882 246
882 959
882 441
882 878
882 317
882 832
882 719
882 976
883 952
883 283
883 131
883 296
883 325
883 273
883 237
883 167
883 955
883 784
884 975
884 187
884 71
884 24
884 853
884 756
884 897
884 778
884 453
884 876
885 981
885 60
885 961
885 79
885 145
885 351
885 181
885 63
885 297
885 16
886 974
886 63
886 558
886 150
886 172
886 227
886 936
886 894
886 318
886 293
887 985
887 395
887 889
887 991
887 141
887 818
887 483
887 883
887 82
887 407
888 892
888 897
888 281
888 203
888 103
888 352
888 561
888 98
888 336
888 196
889 991
889 985
889 137
889 468
889 72
889 335
889 385
889 20
889 805
889 324
890 315
890 16
890 260
890 866
890 434
890 680
890 320
890 806
890 268
890 898
891 922
891 982
891 89
891 254
891 229
891 313
891 273
891 1000
891 809
891 331
892 305
892 502
892 897
892 203
892 214
892 586
892 180
892 39
892 36
892 939
893 933
893 926
893 122
893 530
893 312
893 32
893 50
893 674
893 511
893 773
894 995
894 31
894 5
894 469
894 138
894 6
894 881
894 42
894 739
894 155
895 916
895 159
895 472
895 618
895 989
895 894
895 800
895 485
895 430
895 806
896 47
896 18
896 148
896 505
896 591
896 71
896 800
896 354
896 945
896 842
897 281
897 600
897 501
897 370
897 819
897 716
897 909
897 594
897 111
897 830
898 928
898 936
898 694
898 923
898 381
898 148
898 354
898 5
898 940
898 511
899 927
899 942
899 298
899 296
899 138
899 611
899 15
899 674
899 6
899 780
900 998
900 954
900 167
900 68
900 133
900 114
900 732
900 500
900 396
900 303
901 948
901 916
901 280
901 191
901 183
901 479
901 503
901 20
901 846
901 531
902 925
902 432
902 692
902 954
902 511
902 81
902 528
902 196
902 636
902 482
903 940
903 379
903 909
903 700
903 910
903 220
903 72
903 370
903 65
903 890
904 953
904 276
904 612
904 584
904 399
904 736
904 641
904 546
904 8
904 757
905 6
905 127
905 286
905 937
905 53
905 442
905 622
905 58
905 424
905 14
906 944
906 938
906 966
906 213
906 988
906 307
906 496
906 464
906 725
906 724
907 983
907 3
907 225
907 795
907 88
907 851
907 557
907 81
907 6
907 526
908 343
908 234
908 247
908 471
908 603
908 30
908 149
908 493
908 303
908 896
909 940
909 188
909 206
909 124
909 282
909 367
909 337
909 408
909 148
909 788
910 994
910 978
910 199
910 232
910 838
910 575
910 168
910 405
910 177
910 771
911 11
911 957
911 49
911 951
911 157
911 106
911 171
911 794
911 300
911 755
912 965
912 759
912 446
912 763
912 153
912 805
912 492
912 668
912 571
912 862
913 969
913 932
913 986
913 134
913 559
913 499
913 647
913 843
913 661
913 924
914 919
914 987
914 512
914 668
914 502
914 764
914 561
914 929
914 773
914 154
915 946
915 934
915 189
915 992
915 151
915 40
915 506
915 525
915 530
915 216
916 35
916 948
916 270
916 779
916 389
916 714
916 141
916 825
916 214
916 517
917 970
917 170
917 389
917 32
917 629
917 295
917 698
917 142
917 667
917 306
918 989
918 728
918 932
918 567
918 101
918 237
918 68
918 398
918 37
918 566
919 987
919 360
919 174
919 64
919 156
919 763
919 297
919 960
919 983
919 870
920 642
920 443
920 518
920 413
920 340
920 380
920 238
920 494
920 247
920 857
921 977
921 923
921 928
921 434
921 546
921 590
921 715
921 550
921 185
921 865
922 982
922 564
922 487
922 191
922 379
922 372
922 893
922 732
922 997
922 903
923 928
923 977
923 323
923 350
923 368
923 540
923 509
923 722
923 783
923 149
924 936
924 311
924 239
924 729
924 517
924 737
924 685
924 415
924 131
924 764
925 163
925 22
925 256
925 498
925 747
925 138
925 843
925 540
925 732
925 162
926 933
926 219
926 32
926 935
926 312
926 1000
926 680
926 431
926 923
926 769
927 942
927 187
927 298
927 296
927 531
927 462
927 983
927 273
927 181
927 985
928 977
928 8
928 368
928 509
928 314
928 350
928 577
928 137
928 904
928 39
929 951
929 957
929 325
929 313
929 274
929 291
929 980
929 43
929 271
929 153
930 963
930 827
930 638
930 968
930 723
930 530
930 853
930 314
930 935
930 675
931 13
931 221
931 133
931 507
931 94
931 849
931 508
931 634
931 360
931 813
932 986
932 969
932 507
932 118
932 559
932 141
932 846
932 230
932 405
932 67
933 32
933 219
933 935
933 312
933 999
933 257
933 78
933 675
933 114
933 791
934 946
934 78
934 189
934 382
934 992
934 455
934 660
934 609
934 631
934 358
935 971
935 122
935 240
935 194
935 607
935 780
935 144
935 309
935 2
935 787
936 314
936 540
936 523
936 783
936 329
936 85
936 922
936 244
936 981
936 542
937 949
937 224
937 902
937 235
937 718
937 635
937 914
937 645
937 339
937 136
938 988
938 944
938 609
938 366
938 387
938 821
938 708
938 465
938 414
938 822
939 959
939 336
939 528
939 306
939 120
939 424
939 156
939 41
939 284
939 25
940 124
940 282
940 110
940 337
940 408
940 372
940 631
940 973
940 923
940 756
941 992
941 189
941 946
941 919
941 532
941 222
941 140
941 593
941 276
941 980
942 296
942 422
942 641
942 883
942 153
942 63
942 514
942 5
942 962
942 419
943 990
943 352
943 290
943 328
943 647
943 307
943 852
943 398
943 879
943 21
944 966
944 66
944 988
944 751
944 210
944 621
944 231
944 411
944 248
944 237
945 999
945 164
945 76
945 398
945 114
945 754
945 427
945 551
945 342
945 677
946 992
946 45
946 15
946 248
946 114
946 991
946 993
946 49
946 19
946 999
947 64
947 174
947 499
947 388
947 342
947 276
947 805
947 588
947 936
947 368
948 123
948 730
948 655
948 75
948 679
948 308
948 521
948 228
948 154
948 76
949 417
949 442
949 836
949 382
949 562
949 251
949 237
949 133
949 408
949 118
950 348
950 223
950 475
950 99
950 761
950 129
950 865
950 639
950 707
950 676
951 957
951 274
951 291
951 43
951 938
951 871
951 593
951 551
951 924
951 369
952 143
952 415
952 934
952 56
952 256
952 98
952 355
952 90
952 800
952 514
953 276
953 39
953 825
953 203
953 752
953 352
953 996
953 636
953 309
953 927
954 613
954 581
954 870
954 45
954 762
954 142
954 943
954 716
954 426
954 322
955 962
955 968
955 177
955 227
955 261
955 150
955 558
955 561
955 973
955 331
956 491
956 91
956 124
956 110
956 866
956 659
956 732
956 644
956 674
956 497
957 43
957 147
957 212
957 19
957 896
957 682
957 675
957 68
957 960
957 842
958 71
958 303
958 245
958 968
958 703
958 292
958 247
958 92
958 677
958 133
959 26
959 909
959 372
959 406
959 354
959 830
959 100
959 963
959 370
959 361
960 989
960 200
960 38
960 596
960 329
960 894
960 406
960 536
960 438
960 690
961 981
961 980
961 299
961 577
961 538
961 983
961 909
961 879
961 928
961 804
962 968
962 177
962 227
962 261
962 150
962 558
962 561
962 973
962 331
962 948
963 719
963 582
963 815
963 979
963 876
963 763
963 465
963 428
963 497
963 81
964 967
964 12
964 976
964 179
964 569
964 321
964 713
964 429
964 29
964 883
965 160
965 545
965 101
965 799
965 650
965 269
965 400
965 351
965 230
965 851
966 104
966 185
966 361
966 79
966 248
966 198
966 599
966 262
966 854
966 353
967 976
967 179
967 302
967 125
967 845
967 421
967 253
967 5
967 564
967 155
968 973
968 256
968 258
968 405
968 569
968 52
968 437
968 401
968 439
968 538
969 986
969 2
969 134
969 42
969 535
969 332
969 481
969 33
969 129
969 55
970 715
970 671
970 677
970 68
970 962
970 63
970 460
970 84
970 940
970 682
971 779
971 32
971 530
971 574
971 59
971 36
971 912
971 548
971 323
971 288
972 164
972 114
972 133
972 68
972 167
972 998
972 730
972 35
972 340
972 165
973 173
973 406
973 5
973 98
973 809
973 574
973 216
973 215
973 102
973 899
974 63
974 150
974 172
974 227
974 641
974 540
974 446
974 636
974 90
974 813
975 182
975 269
975 16
975 860
975 692
975 800
975 253
975 554
975 235
975 914
976 13
976 586
976 97
976 829
976 759
976 207
976 668
976 305
976 779
976 584
977 319
977 659
977 323
977 533
977 689
977 542
977 864
977 99
977 314
977 483
978 994
978 265
978 824
978 278
978 468
978 651
978 566
978 759
978 666
978 580
979 416
979 34
979 130
979 805
979 110
979 607
979 50
979 897
979 556
979 655
980 60
980 474
980 735
980 478
980 715
980 664
980 546
980 4
980 295
980 243
981 181
981 145
981 351
981 421
981 596
981 85
981 334
981 210
981 120
981 46
982 993
982 363
982 575
982 639
982 573
982 917
982 72
982 584
982 32
982 921
983 225
983 3
983 532
983 795
983 88
983 610
983 1000
983 531
983 202
983 929
984 57
984 236
984 461
984 911
984 723
984 574
984 485
984 227
984 951
984 19
985 991
985 141
985 140
985 293
985 771
985 576
985 962
985 271
985 978
985 445
986 90
986 345
986 703
986 135
986 461
986 458
986 590
986 23
986 621
986 517
987 225
987 86
987 40
987 839
987 286
987 973
987 704
987 490
987 467
987 193
988 387
988 104
988 59
988 110
988 95
988 60
988 504
988 274
988 398
988 83
989 251
989 646
989 675
989 167
989 90
989 2
989 481
989 303
989 400
989 145
990 647
990 352
990 716
990 328
990 290
990 475
990 160
990 390
990 335
990 471
991 335
991 468
991 714
991 489
991 72
991 338
991 690
991 595
991 812
991 801
992 128
992 257
992 426
992 469
992 76
992 146
992 74
992 765
992 304
992 804
993 168
993 155
993 815
993 922
993 333
993 866
993 546
993 718
993 454
993 624
994 374
994 199
994 232
994 584
994 685
994 442
994 880
994 733
994 132
994 59
995 51
995 5
995 406
995 266
995 447
995 53
995 531
995 223
995 879
995 379
996 284
996 102
996 195
996 453
996 326
996 111
996 419
996 213
996 179
996 116
997 53
997 127
997 6
997 310
997 604
997 547
997 572
997 669
997 137
997 42
998 237
998 934
998 151
998 723
998 678
998 857
998 218
998 798
998 1
998 505
999 164
999 780
999 76
999 773
999 439
999 922
999 178
999 573
999 168
999 272
1000 182
1000 507
1000 516
1000 709
1000 499
1000 77
1000 944
1000 762
1000 819
1000 473